Feb 15, 2020	5
Feb 16, 2020	5
Feb 17, 2020	5
Feb 18, 2020	5
Feb 19, 2020	5
Feb 20, 2020	6
Feb 21, 2020	8
Feb 22, 2020	10
Feb 23, 2020	11
Feb 24, 2020	11
Feb 25, 2020	7
Feb 26, 2020	8
Feb 27, 2020	8
Feb 28, 2020	10
Feb 29, 2020	10
Mar 01, 2020	13
Mar 02, 2020	17
Mar 03, 2020	17
Mar 04, 2020	30
Mar 05, 2020	36
Mar 06, 2020	39
Mar 07, 2020	49
Mar 08, 2020	58
Mar 09, 2020	68
Mar 10, 2020	91
Mar 11, 2020	101
Mar 12, 2020	127
Mar 13, 2020	169
Mar 14, 2020	215
Mar 15, 2020	263
Mar 16, 2020	362
Mar 17, 2020	414
Mar 18, 2020	534
Mar 19, 2020	686
Mar 20, 2020	854
Mar 21, 2020	994
Mar 22, 2020	1475
Mar 23, 2020	1715
Mar 24, 2020	2132
Mar 25, 2020	2478
Mar 26, 2020	2790
Mar 27, 2020	3109
Mar 28, 2020	3358
Mar 29, 2020	3796
Mar 30, 2020	4083
Mar 31, 2020	4278
Apr 01, 2020	4552
Apr 02, 2020	4574
Apr 03, 2020	4707
Apr 04, 2020	4799
Apr 05, 2020	4503
Apr 06, 2020	3317
Apr 07, 2020	3292
Apr 08, 2020	3068
Apr 09, 2020	2973
Apr 10, 2020	2928
Apr 11, 2020	2888
Apr 12, 2020	2837
Apr 13, 2020	2719
Apr 14, 2020	2664
Apr 15, 2020	2608
Apr 16, 2020	2580
Apr 17, 2020	2556
Apr 18, 2020	2255
Apr 19, 2020	2235
Apr 20, 2020	2203
Apr 21, 2020	1812
Apr 22, 2020	1583
Apr 23, 2020	1481
Apr 24, 2020	1406
Apr 25, 2020	1189
Apr 26, 2020	1042
Apr 27, 2020	1005
Apr 28, 2020	970
Apr 29, 2020	944
Apr 30, 2020	904
May 01, 2020	885
May 02, 2020	854
May 03, 2020	849
May 04, 2020	828
May 05, 2020	823
May 06, 2020	755
May 07, 2020	726
May 08, 2020	702
May 09, 2020	662
May 10, 2020	645
May 11, 2020	636
May 12, 2020	608
May 13, 2020	578
May 14, 2020	567
May 15, 2020	560
May 16, 2020	548
May 17, 2020	553
May 18, 2020	535
May 19, 2020	523
May 20, 2020	500
May 21, 2020	477
May 22, 2020	481
May 23, 2020	477
May 24, 2020	470
May 25, 2020	451
May 26, 2020	445
May 27, 2020	436
May 28, 2020	439
May 29, 2020	453
May 30, 2020	439
May 31, 2020	444
Jun 01, 2020	448
Jun 02, 2020	460
Jun 03, 2020	452
Jun 04, 2020	436
Jun 05, 2020	431
Jun 06, 2020	425
Jun 07, 2020	418
Jun 08, 2020	421
Jun 09, 2020	410
Jun 10, 2020	395
Jun 11, 2020	288
Jun 12, 2020	125
Jun 13, 2020	118
Jun 14, 2020	109
Jun 15, 2020	112
Jun 16, 2020	117
Jun 17, 2020	135
Jun 18, 2020	149
Jun 19, 2020	162
Jun 20, 2020	181
Jun 21, 2020	197
Jun 22, 2020	203
Jun 23, 2020	207
Jun 24, 2020	227
Jun 25, 2020	158
Jun 26, 2020	179
Jun 27, 2020	200
Jun 28, 2020	227
Jun 29, 2020	284
Jun 30, 2020	315
Jul 01, 2020	362
Jul 02, 2020	405
Jul 03, 2020	430
Jul 04, 2020	494
Jul 05, 2020	534
Jul 06, 2020	636
Jul 07, 2020	760
Jul 08, 2020	849
Jul 09, 2020	920
Jul 10, 2020	1160
Jul 11, 2020	1237
Jul 12, 2020	1468
Jul 13, 2020	1601
Jul 14, 2020	1798
Jul 15, 2020	1939
Jul 16, 2020	2134
Jul 17, 2020	2462
Jul 18, 2020	2612
Jul 19, 2020	2844
Jul 20, 2020	2926
Jul 21, 2020	3159
Jul 22, 2020	3428
Jul 23, 2020	3655
Jul 24, 2020	3762
Jul 25, 2020	4017
Jul 26, 2020	4258
Jul 27, 2020	4563
Jul 28, 2020	4803
Jul 29, 2020	4883
Jul 30, 2020	5432
Jul 31, 2020	5794
Aug 01, 2020	5979
Aug 02, 2020	6383
Aug 03, 2020	6553
Aug 04, 2020	6770
Aug 05, 2020	7280
Aug 06, 2020	7503
Aug 07, 2020	7689
Aug 08, 2020	7849
Aug 09, 2020	7892
Aug 10, 2020	7907
Aug 11, 2020	7927
Aug 12, 2020	7926
Aug 13, 2020	7908
Aug 14, 2020	7916
Aug 15, 2020	7910
Aug 16, 2020	7701
Aug 17, 2020	7499
Aug 18, 2020	7289
Aug 19, 2020	7168
Aug 20, 2020	4918
Aug 21, 2020	4475
Aug 22, 2020	4353
Aug 23, 2020	4065
Aug 24, 2020	3780
Aug 25, 2020	3688
Aug 26, 2020	3515
Aug 27, 2020	3327
Aug 28, 2020	3160
Aug 29, 2020	3018
Aug 30, 2020	2868
Aug 31, 2020	2651
Sep 01, 2020	2554
Sep 02, 2020	2449
Sep 03, 2020	2327
Sep 04, 2020	2083
Sep 05, 2020	1979
Sep 06, 2020	1895
Sep 07, 2020	1791
Sep 08, 2020	1701
Sep 09, 2020	1633
Sep 10, 2020	1498
Sep 11, 2020	1354
Sep 12, 2020	1273
Sep 13, 2020	1184
Sep 14, 2020	1104
Sep 15, 2020	1068
Sep 16, 2020	1019
Sep 17, 2020	976
Sep 18, 2020	943
Sep 19, 2020	850
Sep 20, 2020	756
Sep 21, 2020	668
Sep 22, 2020	625
Sep 23, 2020	541
Sep 24, 2020	513
Sep 25, 2020	456
Sep 26, 2020	416
Sep 27, 2020	370
Sep 28, 2020	322
Sep 29, 2020	178
Sep 30, 2020	180
Oct 01, 2020	184
Oct 02, 2020	171
Oct 03, 2020	147
Oct 04, 2020	153
Oct 05, 2020	149
Oct 06, 2020	158
Oct 07, 2020	142
Oct 08, 2020	162
Oct 09, 2020	166
Oct 10, 2020	166
Oct 11, 2020	169
Oct 12, 2020	173
Oct 13, 2020	196
Oct 14, 2020	205
Oct 15, 2020	213
Oct 16, 2020	197
Oct 17, 2020	201
Oct 18, 2020	185
Oct 19, 2020	170
Oct 20, 2020	185
Oct 21, 2020	179
Oct 22, 2020	180
Oct 23, 2020	167
Oct 24, 2020	158
Oct 25, 2020	158
Oct 26, 2020	156
Oct 27, 2020	158
Oct 28, 2020	163
Oct 29, 2020	170
Oct 30, 2020	153
Oct 31, 2020	146
Nov 01, 2020	129
Nov 02, 2020	118
Nov 03, 2020	111
Nov 04, 2020	102
Nov 05, 2020	107
Nov 06, 2020	104
Nov 07, 2020	98
Nov 08, 2020	89
Nov 09, 2020	86
Nov 10, 2020	88
Nov 11, 2020	91
Nov 12, 2020	97
Nov 13, 2020	93
Nov 14, 2020	89
Nov 15, 2020	94
Nov 16, 2020	105
Nov 17, 2020	108
Nov 18, 2020	119
Nov 19, 2020	116
Nov 20, 2020	114
Nov 21, 2020	120
Nov 22, 2020	122
Nov 23, 2020	132
Nov 24, 2020	138
Nov 25, 2020	128
Nov 26, 2020	117
Nov 27, 2020	114
Nov 28, 2020	108
Nov 29, 2020	109
Nov 30, 2020	112
Dec 01, 2020	106
Dec 02, 2020	102
Dec 03, 2020	104
Dec 04, 2020	100
Dec 05, 2020	100
Dec 06, 2020	98
Dec 07, 2020	98
Dec 08, 2020	102
Dec 09, 2020	100
Dec 10, 2020	96
Dec 11, 2020	100
Dec 12, 2020	102
Dec 13, 2020	92
Dec 14, 2020	90
Dec 15, 2020	92
Dec 16, 2020	94
Dec 17, 2020	99
Dec 18, 2020	107
Dec 19, 2020	135
Dec 20, 2020	171
Dec 21, 2020	185
Dec 22, 2020	193
Dec 23, 2020	206
Dec 24, 2020	222
Dec 25, 2020	227
Dec 26, 2020	237
Dec 27, 2020	240
Dec 28, 2020	242
Dec 29, 2020	221
Dec 30, 2020	209
Dec 31, 2020	207
Jan 01, 2021	208
Jan 02, 2021	231
Jan 03, 2021	220
Jan 04, 2021	227
Jan 05, 2021	225
Jan 06, 2021	223
Jan 07, 2021	208
Jan 08, 2021	220
Jan 09, 2021	201
Jan 10, 2021	189
Jan 11, 2021	186
Jan 12, 2021	163
Jan 13, 2021	167
Jan 14, 2021	154
Jan 15, 2021	142
Jan 16, 2021	153
Jan 17, 2021	162
Jan 18, 2021	150
Jan 19, 2021	147
Jan 20, 2021	145
Jan 21, 2021	136
Jan 22, 2021	122
Jan 23, 2021	111
Jan 24, 2021	108
Jan 25, 2021	112
Jan 26, 2021	91
Jan 27, 2021	77
Jan 28, 2021	72
Jan 29, 2021	70
Jan 30, 2021	66
Jan 31, 2021	61
Feb 01, 2021	63
Feb 02, 2021	63
Feb 03, 2021	63
Feb 04, 2021	61
Feb 05, 2021	62
Feb 06, 2021	63
Feb 07, 2021	57
Feb 08, 2021	57
Feb 09, 2021	54
Feb 10, 2021	60
Feb 11, 2021	59
Feb 12, 2021	63
Feb 13, 2021	63
Feb 14, 2021	60
Feb 15, 2021	58
Feb 16, 2021	57
Feb 17, 2021	61
Feb 18, 2021	55
Feb 19, 2021	58
Feb 20, 2021	49
Feb 21, 2021	49
Feb 22, 2021	43
Feb 23, 2021	45
Feb 24, 2021	41
Feb 25, 2021	47
Feb 26, 2021	53
Feb 27, 2021	54
Feb 28, 2021	58
Mar 01, 2021	57
Mar 02, 2021	66
Mar 03, 2021	70
Mar 04, 2021	77
Mar 05, 2021	84
Mar 06, 2021	91
Mar 07, 2021	90
Mar 08, 2021	88
Mar 09, 2021	96
Mar 10, 2021	104
Mar 11, 2021	115
Mar 12, 2021	116
Mar 13, 2021	116
Mar 14, 2021	110
Mar 15, 2021	109
Mar 16, 2021	107
Mar 17, 2021	117
Mar 18, 2021	120
Mar 19, 2021	120
Mar 20, 2021	117
Mar 21, 2021	106
Mar 22, 2021	103
Mar 23, 2021	99
Mar 24, 2021	101
Mar 25, 2021	98
Mar 26, 2021	101
Mar 27, 2021	95
Mar 28, 2021	89
Mar 29, 2021	92
Mar 30, 2021	102
Mar 31, 2021	108
Apr 01, 2021	114
Apr 02, 2021	122
Apr 03, 2021	123
Apr 04, 2021	116
Apr 05, 2021	119
Apr 06, 2021	115
Apr 07, 2021	122
Apr 08, 2021	109
Apr 09, 2021	95
Apr 10, 2021	92
Apr 11, 2021	83
Apr 12, 2021	86
Apr 13, 2021	96
Apr 14, 2021	107
Apr 15, 2021	112
Apr 16, 2021	120
Apr 17, 2021	128
Apr 18, 2021	137
Apr 19, 2021	155
Apr 20, 2021	163
Apr 21, 2021	176
Apr 22, 2021	183
Apr 23, 2021	202
Apr 24, 2021	207
Apr 25, 2021	197
Apr 26, 2021	211
Apr 27, 2021	220
Apr 28, 2021	230
Apr 29, 2021	236
Apr 30, 2021	242
May 01, 2021	234
May 02, 2021	224
May 03, 2021	202
May 04, 2021	194
May 05, 2021	199
May 06, 2021	191
May 07, 2021	172
May 08, 2021	157
May 09, 2021	137
May 10, 2021	130
May 11, 2021	126
May 12, 2021	121
May 13, 2021	114
May 14, 2021	105
May 15, 2021	102
May 16, 2021	89
May 17, 2021	81
May 18, 2021	82
May 19, 2021	75
May 20, 2021	66
May 21, 2021	62
May 22, 2021	57
May 23, 2021	56
May 24, 2021	62
May 25, 2021	63
May 26, 2021	73
May 27, 2021	85
May 28, 2021	85
May 29, 2021	92
May 30, 2021	101
May 31, 2021	106
Jun 01, 2021	114
Jun 02, 2021	119
Jun 03, 2021	118
Jun 04, 2021	120
Jun 05, 2021	110
Jun 06, 2021	112
Jun 07, 2021	121
Jun 08, 2021	121
Jun 09, 2021	112
Jun 10, 2021	119
Jun 11, 2021	111
Jun 12, 2021	107
Jun 13, 2021	111
Jun 14, 2021	112
Jun 15, 2021	114
Jun 16, 2021	116
Jun 17, 2021	108
Jun 18, 2021	109
Jun 19, 2021	112
Jun 20, 2021	106
Jun 21, 2021	127
Jun 22, 2021	129
Jun 23, 2021	130
Jun 24, 2021	146
Jun 25, 2021	150
Jun 26, 2021	165
Jun 27, 2021	196
Jun 28, 2021	215
Jun 29, 2021	239
Jun 30, 2021	277
Jul 01, 2021	285
Jul 02, 2021	315
Jul 03, 2021	350
Jul 04, 2021	343
Jul 05, 2021	374
Jul 06, 2021	369
Jul 07, 2021	356
Jul 08, 2021	369
Jul 09, 2021	381
Jul 10, 2021	396
Jul 11, 2021	449
Jul 12, 2021	527
Jul 13, 2021	577
Jul 14, 2021	660
Jul 15, 2021	698
Jul 16, 2021	782
Jul 17, 2021	888
Jul 18, 2021	971
Jul 19, 2021	1041
Jul 20, 2021	1089
Jul 21, 2021	1139
Jul 22, 2021	1174
Jul 23, 2021	1229
Jul 24, 2021	1291
Jul 25, 2021	1366
Jul 26, 2021	1414
Jul 27, 2021	1460
Jul 28, 2021	1534
Jul 29, 2021	1670
Jul 30, 2021	1732
Jul 31, 2021	1811
Aug 01, 2021	1905
Aug 02, 2021	1976
Aug 03, 2021	2022
Aug 04, 2021	2110
Aug 05, 2021	2239
Aug 06, 2021	2354
Aug 07, 2021	2501
Aug 08, 2021	2532
Aug 09, 2021	2647
Aug 10, 2021	2805
Aug 11, 2021	2913
Aug 12, 2021	3056
Aug 13, 2021	3246
Aug 14, 2021	3478
Aug 15, 2021	3621
Aug 16, 2021	3823
Aug 17, 2021	3946
Aug 18, 2021	4323
Aug 19, 2021	4763
Aug 20, 2021	5079
Aug 21, 2021	5589
Aug 22, 2021	6107
Aug 23, 2021	6570
Aug 24, 2021	6900
Aug 25, 2021	7418
Aug 26, 2021	8002
Aug 27, 2021	8481
Aug 28, 2021	8914
Aug 29, 2021	9470
Aug 30, 2021	10100
Aug 31, 2021	10441
Sep 01, 2021	10766
Sep 02, 2021	11332
Sep 03, 2021	12124
Sep 04, 2021	12867
Sep 05, 2021	13398
Sep 06, 2021	13953
Sep 07, 2021	14296
Sep 08, 2021	14658
Sep 09, 2021	15015
Sep 10, 2021	15630
Sep 11, 2021	16409
Sep 12, 2021	16586
Sep 13, 2021	16654
Sep 14, 2021	16488
Sep 15, 2021	16480
Sep 16, 2021	16784
Sep 17, 2021	17099
Sep 18, 2021	17261
Sep 19, 2021	17115
Sep 20, 2021	16727
Sep 21, 2021	16305
Sep 22, 2021	16312
Sep 23, 2021	16403
Sep 24, 2021	16592
Sep 25, 2021	16801
Sep 26, 2021	16679
Sep 27, 2021	16381
Sep 28, 2021	16411
Sep 29, 2021	16637
Sep 30, 2021	17539
Oct 01, 2021	17966
Oct 02, 2021	18436
Oct 03, 2021	18699
Oct 04, 2021	18946
Oct 05, 2021	19456
Oct 06, 2021	19741
Oct 07, 2021	20447
Oct 08, 2021	21052
Oct 09, 2021	21757
Oct 10, 2021	21732
Oct 11, 2021	21795
Oct 12, 2021	21472
Oct 13, 2021	21461
Oct 14, 2021	22113
Oct 15, 2021	22307
Oct 16, 2021	22586
Oct 17, 2021	22473
Oct 18, 2021	22102
Oct 19, 2021	21598
Oct 20, 2021	21354
Oct 21, 2021	21775
Oct 22, 2021	22318
Oct 23, 2021	22310
Oct 24, 2021	21811
Oct 25, 2021	20931
Oct 26, 2021	20419
Oct 27, 2021	20080
Oct 28, 2021	20087
Oct 29, 2021	19966
Oct 30, 2021	19422
Oct 31, 2021	18018
Nov 01, 2021	17240
Nov 02, 2021	16342
Nov 03, 2021	15306
Nov 04, 2021	15164
Nov 05, 2021	14963
Nov 06, 2021	14751
Nov 07, 2021	14015
Nov 08, 2021	13415
Nov 09, 2021	13150
Nov 10, 2021	13247
Nov 11, 2021	13230
Nov 12, 2021	13489
Nov 13, 2021	13835
Nov 14, 2021	13404
Nov 15, 2021	12856
Nov 16, 2021	12345
Nov 17, 2021	12196
Nov 18, 2021	12204
Nov 19, 2021	12406
Nov 20, 2021	12559
Nov 21, 2021	12474
Nov 22, 2021	12285
Nov 23, 2021	11834
Nov 24, 2021	12183
Nov 25, 2021	12696
Nov 26, 2021	13291
Nov 27, 2021	13536
Nov 28, 2021	13493
Nov 29, 2021	13163
Nov 30, 2021	12908
Dec 01, 2021	12858
Dec 02, 2021	13344
Dec 03, 2021	13853
Dec 04, 2021	14085
Dec 05, 2021	13814
Dec 06, 2021	13477
Dec 07, 2021	13441
Dec 08, 2021	13897
Dec 09, 2021	14374
Dec 10, 2021	14987
Dec 11, 2021	15311
Dec 12, 2021	15151
Dec 13, 2021	15440
Dec 14, 2021	15751
Dec 15, 2021	17242
Dec 16, 2021	19316
Dec 17, 2021	21610
Dec 18, 2021	23875
Dec 19, 2021	26095
Dec 20, 2021	28265
Dec 21, 2021	30964
Dec 22, 2021	35019
Dec 23, 2021	41638
Dec 24, 2021	48485
Dec 25, 2021	55443
Dec 26, 2021	61299
Dec 27, 2021	67384
Dec 28, 2021	74426
Dec 29, 2021	88271
Dec 30, 2021	105089
Dec 31, 2021	132634
Jan 01, 2022	161340
Jan 02, 2022	184298
Jan 03, 2022	211530
Jan 04, 2022	248264
Jan 05, 2022	301814
Jan 06, 2022	362216
Jan 07, 2022	426863
Jan 08, 2022	517649
Jan 09, 2022	573640
Jan 10, 2022	604545
Jan 11, 2022	658690
Jan 12, 2022	728243
Jan 13, 2022	838860
Jan 14, 2022	918996
Jan 15, 2022	954788
Jan 16, 2022	968444
Jan 17, 2022	964668
Jan 18, 2022	927114
Jan 19, 2022	927872
Jan 20, 2022	938657
Jan 21, 2022	913039
Jan 22, 2022	865778
Jan 23, 2022	766790
Jan 24, 2022	679830
Jan 25, 2022	626903
Jan 26, 2022	594225
Jan 27, 2022	566756
Jan 28, 2022	535757
Jan 29, 2022	498001
Jan 30, 2022	460236
Jan 31, 2022	428918
Feb 01, 2022	407719
Feb 02, 2022	399862
Feb 03, 2022	396607
Feb 04, 2022	381832
Feb 05, 2022	359371
Feb 06, 2022	337893
Feb 07, 2022	320315
Feb 08, 2022	307773
Feb 09, 2022	301834
Feb 10, 2022	298741
Feb 11, 2022	295158
Feb 12, 2022	274476
Feb 13, 2022	260981
Feb 14, 2022	249127
Feb 15, 2022	244448
Feb 16, 2022	249651
Feb 17, 2022	254269
Feb 18, 2022	252089
Feb 19, 2022	243521
Feb 20, 2022	232088
Feb 21, 2022	220103
Feb 22, 2022	225012
Feb 23, 2022	228460
Feb 24, 2022	234542
Feb 25, 2022	234392
Feb 26, 2022	227832
Feb 27, 2022	218845
Feb 28, 2022	212506
Mar 01, 2022	215488
Mar 02, 2022	223120
Mar 03, 2022	241135
Mar 04, 2022	240953
Mar 05, 2022	236951
Mar 06, 2022	230947
Mar 07, 2022	228294
Mar 08, 2022	248799
Mar 09, 2022	263424
Mar 10, 2022	281874
Mar 11, 2022	291478
Mar 12, 2022	297650
Mar 13, 2022	291220
Mar 14, 2022	293075
Mar 15, 2022	303921
Mar 16, 2022	341993
Mar 17, 2022	371710
Mar 18, 2022	377043
Mar 19, 2022	389691
Mar 20, 2022	391567
Mar 21, 2022	396672
Mar 22, 2022	418217
Mar 23, 2022	450066
Mar 24, 2022	485845
Mar 25, 2022	509836
Mar 26, 2022	503350
Mar 27, 2022	497642
Mar 28, 2022	495969
Mar 29, 2022	509368
Mar 30, 2022	536010
Mar 31, 2022	555622
Apr 01, 2022	566002
Apr 02, 2022	558891
Apr 03, 2022	543665
Apr 04, 2022	531973
Apr 05, 2022	537967
Apr 06, 2022	553119
Apr 07, 2022	569704
Apr 08, 2022	568519
Apr 09, 2022	550770
Apr 10, 2022	535887
Apr 11, 2022	514791
Apr 12, 2022	506364
Apr 13, 2022	511958
Apr 14, 2022	520423
Apr 15, 2022	510499
Apr 16, 2022	490650
Apr 17, 2022	460670
Apr 18, 2022	436576
Apr 19, 2022	426327
Apr 20, 2022	432490
Apr 21, 2022	444004
Apr 22, 2022	446900
Apr 23, 2022	435677
Apr 24, 2022	415616
Apr 25, 2022	398849
Apr 26, 2022	393693
Apr 27, 2022	404927
Apr 28, 2022	416476
Apr 29, 2022	419480
Apr 30, 2022	407737
May 01, 2022	386309
May 02, 2022	369104
May 03, 2022	365189
May 04, 2022	376119
May 05, 2022	399588
May 06, 2022	401301
May 07, 2022	401511
May 08, 2022	390954
May 09, 2022	387140
May 10, 2022	395595
May 11, 2022	419486
May 12, 2022	445121
May 13, 2022	459088
May 14, 2022	462965
May 15, 2022	450610
May 16, 2022	454249
May 17, 2022	476337
May 18, 2022	496742
May 19, 2022	512873
May 20, 2022	514795
May 21, 2022	504613
May 22, 2022	485995
May 23, 2022	468432
May 24, 2022	461400
May 25, 2022	464948
May 26, 2022	469007
May 27, 2022	441081
May 28, 2022	418262
May 29, 2022	390931
May 30, 2022	368831
May 31, 2022	355866
Jun 01, 2022	352225
Jun 02, 2022	353150
Jun 03, 2022	342319
Jun 04, 2022	324235
Jun 05, 2022	300769
Jun 06, 2022	280148
Jun 07, 2022	278584
Jun 08, 2022	285339
Jun 09, 2022	290751
Jun 10, 2022	287542
Jun 11, 2022	276000
Jun 12, 2022	262259
Jun 13, 2022	250513
Jun 14, 2022	248913
Jun 15, 2022	257755
Jun 16, 2022	271946
Jun 17, 2022	270898
Jun 18, 2022	264786
Jun 19, 2022	254422
Jun 20, 2022	244887
Jun 21, 2022	253294
Jun 22, 2022	264881
Jun 23, 2022	277168
Jun 24, 2022	282360
Jun 25, 2022	279446
Jun 26, 2022	270982
Jun 27, 2022	264983
Jun 28, 2022	265790
Jun 29, 2022	281939
Jun 30, 2022	295794
Jul 01, 2022	299078
Jul 02, 2022	298997
Jul 03, 2022	297146
Jul 04, 2022	295916
Jul 05, 2022	304247
Jul 06, 2022	323523
Jul 07, 2022	342177
Jul 08, 2022	355733
Jul 09, 2022	354215
Jul 10, 2022	351258
Jul 11, 2022	348536
Jul 12, 2022	356875
Jul 13, 2022	370460
Jul 14, 2022	387533
Jul 15, 2022	394063
Jul 16, 2022	390105
Jul 17, 2022	385014
Jul 18, 2022	382502
Jul 19, 2022	395483
Jul 20, 2022	412576
Jul 21, 2022	434822
Jul 22, 2022	446489
Jul 23, 2022	447119
Jul 24, 2022	437861
Jul 25, 2022	431279
Jul 26, 2022	438324
Jul 27, 2022	449691
Jul 28, 2022	456717
Jul 29, 2022	451606
Jul 30, 2022	452686
Jul 31, 2022	428663
Aug 01, 2022	409000
Aug 02, 2022	399831
Aug 03, 2022	403018
Aug 04, 2022	403782
Aug 05, 2022	390111
Aug 06, 2022	369578
Aug 07, 2022	344396
Aug 08, 2022	321972
Aug 09, 2022	299054
Aug 10, 2022	296160
Aug 11, 2022	288566
Aug 12, 2022	276387
Aug 13, 2022	256106
Aug 14, 2022	235062
Aug 15, 2022	217462
Aug 16, 2022	209069
Aug 17, 2022	209318
Aug 18, 2022	206901
Aug 19, 2022	197577
Aug 20, 2022	185675
Aug 21, 2022	170938
Aug 22, 2022	159832
Aug 23, 2022	149476
Aug 24, 2022	149169
Aug 25, 2022	148665
Aug 26, 2022	142357
Aug 27, 2022	133231
Aug 28, 2022	123049
Aug 29, 2022	115010
Aug 30, 2022	112054
Aug 31, 2022	115108
Sep 01, 2022	115274
Sep 02, 2022	115179
Sep 03, 2022	108671
Sep 04, 2022	100732
Sep 05, 2022	96497
Sep 06, 2022	94518
Sep 07, 2022	95151
Sep 08, 2022	95096
Sep 09, 2022	91291
Sep 10, 2022	80085
Sep 11, 2022	70016
Sep 12, 2022	65157
Sep 13, 2022	58479
Sep 14, 2022	54638
Sep 15, 2022	50930
Sep 16, 2022	68940
Sep 17, 2022	60693
Sep 18, 2022	53393
Sep 19, 2022	46598
Sep 20, 2022	46511
Sep 21, 2022	46709
Sep 22, 2022	43886
Sep 23, 2022	77522
Sep 24, 2022	81110
Sep 25, 2022	81449
Sep 26, 2022	59805
Sep 27, 2022	63822
Sep 28, 2022	68132
Sep 29, 2022	72404
Sep 30, 2022	76230
Oct 01, 2022	77801
Oct 02, 2022	80755
Oct 03, 2022	49772
Oct 04, 2022	48769
Oct 05, 2022	47766
Oct 06, 2022	46763
Oct 07, 2022	50194
Oct 08, 2022	50320
Oct 09, 2022	49276
Oct 10, 2022	48231
Oct 11, 2022	49500
Oct 12, 2022	49459
Oct 13, 2022	49418
Oct 14, 2022	49376
Oct 15, 2022	50570
Oct 16, 2022	50873
Oct 17, 2022	46398
Oct 18, 2022	45400
Oct 19, 2022	45572
Oct 20, 2022	45744
Oct 21, 2022	45916
Oct 22, 2022	46145
Oct 23, 2022	46374
Oct 24, 2022	46604
Oct 25, 2022	45598
Oct 26, 2022	45483
Oct 27, 2022	45712
Oct 28, 2022	46038
Oct 29, 2022	45660
Oct 30, 2022	45282
Oct 31, 2022	44904
Nov 01, 2022	44469
Nov 02, 2022	44034
Nov 03, 2022	43599
Nov 04, 2022	54204
Nov 05, 2022	57773
Nov 06, 2022	61342
Nov 07, 2022	64642
Nov 08, 2022	68646
Nov 09, 2022	72650
Nov 10, 2022	76654
Nov 11, 2022	82725
Nov 12, 2022	89194
Nov 13, 2022	95663
Nov 14, 2022	91092
Nov 15, 2022	93557
Nov 16, 2022	96022
Nov 17, 2022	98487
Nov 18, 2022	100955
Nov 19, 2022	104486
Nov 20, 2022	108017
Nov 21, 2022	109481
Nov 22, 2022	110546
Nov 23, 2022	111612
Nov 24, 2022	112678
Nov 25, 2022	113744
Nov 26, 2022	117460
Nov 27, 2022	121177
Nov 28, 2022	124890
Nov 29, 2022	127541
Nov 30, 2022	130191
Dec 01, 2022	132842
Dec 02, 2022	139341
Dec 03, 2022	142459
Dec 04, 2022	145577
Dec 05, 2022	148695
Dec 06, 2022	149164
Dec 07, 2022	149631
Dec 08, 2022	150099
Dec 09, 2022	153880
Dec 10, 2022	151743
Dec 11, 2022	152918
Dec 12, 2022	150247
Dec 13, 2022	150956
Dec 14, 2022	151665
Dec 15, 2022	152373
Dec 16, 2022	157055
Dec 17, 2022	156401
Dec 18, 2022	155747
Dec 19, 2022	151779
Dec 20, 2022	153731
Dec 21, 2022	152369
Dec 22, 2022	151006
Dec 23, 2022	153605
Dec 24, 2022	142499
Dec 25, 2022	135355
Dec 26, 2022	124237
Dec 27, 2022	118456
Dec 28, 2022	112675
Dec 29, 2022	106893
Dec 30, 2022	101111
Dec 31, 2022	97687
Jan 01, 2023	94262
Jan 02, 2023	86876
Jan 03, 2023	93195
Jan 04, 2023	95553
Jan 05, 2023	97909
Jan 06, 2023	100266
Jan 07, 2023	97713
Jan 08, 2023	95160
Jan 09, 2023	92607
Jan 10, 2023	87696
Jan 11, 2023	82787
Jan 12, 2023	77876
Jan 13, 2023	72966
Jan 14, 2023	64705
Jan 15, 2023	56445
Jan 16, 2023	48184
Jan 17, 2023	44832
Jan 18, 2023	41482
Jan 19, 2023	38131
Jan 20, 2023	43607
Jan 21, 2023	40350
Jan 22, 2023	37094
Jan 23, 2023	33837
Jan 24, 2023	33932
Jan 25, 2023	34026
Jan 26, 2023	34120
Jan 27, 2023	36858
Jan 28, 2023	34546
Jan 29, 2023	34878
Jan 30, 2023	26384
Jan 31, 2023	26623
Feb 01, 2023	26861
Feb 02, 2023	27099
Feb 03, 2023	27336
Feb 04, 2023	27193
Feb 05, 2023	27050
Feb 06, 2023	24264
Feb 07, 2023	26527
Feb 08, 2023	26145
Feb 09, 2023	25763
Feb 10, 2023	25377
Feb 11, 2023	24691
Feb 12, 2023	24004
Feb 13, 2023	23318
Feb 14, 2023	23013
Feb 15, 2023	24681
Feb 16, 2023	24574
Feb 17, 2023	24129
Feb 18, 2023	22555
Feb 19, 2023	23015
Feb 20, 2023	23478
Feb 21, 2023	24241
Feb 22, 2023	25006
Feb 23, 2023	25770
Feb 24, 2023	26534
Feb 25, 2023	25106
Feb 26, 2023	25453
Feb 27, 2023	26138
Feb 28, 2023	27953
Mar 01, 2023	27734
Mar 02, 2023	27515
Mar 03, 2023	27297
Mar 04, 2023	27215
Mar 05, 2023	27132
Mar 06, 2023	27049
Mar 07, 2023	27185
Mar 08, 2023	27321
Mar 09, 2023	27457
Mar 10, 2023	27593
Mar 11, 2023	28077
Mar 12, 2023	28561
Mar 13, 2023	29045
Mar 14, 2023	29392
Mar 15, 2023	29740
Mar 16, 2023	30088
Mar 17, 2023	30435
Mar 18, 2023	30960
Mar 19, 2023	31486
Mar 20, 2023	32011
Mar 21, 2023	32188
Mar 22, 2023	32365
Mar 23, 2023	32543
Mar 24, 2023	32720
Mar 25, 2023	33313
Mar 26, 2023	33907
Mar 27, 2023	34501
Mar 28, 2023	34918
Mar 29, 2023	35333
Mar 30, 2023	35750
Mar 31, 2023	36166
Apr 01, 2023	36385
Apr 02, 2023	36603
Apr 03, 2023	36822
Apr 04, 2023	36624
Apr 05, 2023	36426
Apr 06, 2023	36229
Apr 07, 2023	36031
Apr 08, 2023	36356
Apr 09, 2023	36681
Apr 10, 2023	37006
Apr 11, 2023	37528
Apr 12, 2023	38050
Apr 13, 2023	38573
Apr 14, 2023	39096
Apr 15, 2023	39705
Apr 16, 2023	40313
Apr 17, 2023	40922
Apr 18, 2023	41008
Apr 19, 2023	41094
Apr 20, 2023	41180
Apr 21, 2023	41267
Apr 22, 2023	41515
Apr 23, 2023	41763
Apr 24, 2023	42011
Apr 25, 2023	42172
Apr 26, 2023	42334
Apr 27, 2023	42496
Apr 28, 2023	42658
Apr 29, 2023	42778
Apr 30, 2023	42898
May 01, 2023	43018
May 02, 2023	42976
May 03, 2023	42934
May 04, 2023	42892
May 05, 2023	42851
May 06, 2023	43186
May 07, 2023	43521
May 08, 2023	43856
May 09, 2023	44232
May 10, 2023	44609
May 11, 2023	44986
May 12, 2023	45363
May 13, 2023	46537
May 14, 2023	47711
May 15, 2023	48885
May 16, 2023	49682
May 17, 2023	50479
May 18, 2023	51276
May 19, 2023	52074
May 20, 2023	53257
May 21, 2023	54439
May 22, 2023	55622
May 23, 2023	56008
May 24, 2023	56394
May 25, 2023	56779
May 26, 2023	57165
May 27, 2023	56938
May 28, 2023	56712
May 29, 2023	56485
May 30, 2023	55874
May 31, 2023	55262
Jun 01, 2023	54650
Jun 02, 2023	54037
Jun 03, 2023	52536
Jun 04, 2023	51036
Jun 05, 2023	49535
Jun 06, 2023	48646
Jun 07, 2023	47757
Jun 08, 2023	46869
Jun 09, 2023	45979
Jun 10, 2023	43531
Jun 11, 2023	41083
Jun 12, 2023	38635
Jun 13, 2023	37075
Jun 14, 2023	35515
Jun 15, 2023	33956
Jun 16, 2023	32397
Jun 17, 2023	30503
Jun 18, 2023	28608
Jun 19, 2023	26714
Jun 20, 2023	26379
Jun 21, 2023	26044
Jun 22, 2023	25709
Jun 23, 2023	25375
Jun 24, 2023	24085
Jun 25, 2023	22795
Jun 26, 2023	21505
Jun 27, 2023	20549
Jun 28, 2023	19594
Jun 29, 2023	18639
Jun 30, 2023	17684
Jul 01, 2023	17212
Jul 02, 2023	16739
Jul 03, 2023	16267
Jul 04, 2023	16749
Jul 05, 2023	17232
Jul 06, 2023	17714
Jul 07, 2023	18198
Jul 08, 2023	17259
Jul 09, 2023	16321
Jul 10, 2023	15382
Jul 11, 2023	13960
Jul 12, 2023	12539
Jul 13, 2023	11118
Jul 14, 2023	9697
Jul 15, 2023	8704
Jul 16, 2023	7711
Jul 17, 2023	6718
Jul 18, 2023	7146
Jul 19, 2023	7574
Jul 20, 2023	8002
Jul 21, 2023	8431
Jul 22, 2023	8749
Jul 23, 2023	9065
Jul 24, 2023	9383
Jul 25, 2023	9272
Jul 26, 2023	9162
Jul 27, 2023	9050
Jul 28, 2023	8940
Jul 29, 2023	8690
Jul 30, 2023	8441
Jul 31, 2023	8191
Aug 01, 2023	8052
Aug 02, 2023	7914
Aug 03, 2023	7775
Aug 04, 2023	7636
Aug 05, 2023	6960
Aug 06, 2023	6284
Aug 07, 2023	5608
Aug 08, 2023	5070
Aug 09, 2023	4533
Aug 10, 2023	3995
Aug 11, 2023	3458
Aug 12, 2023	3480
Aug 13, 2023	3503
Aug 14, 2023	3525
Aug 15, 2023	4084
Aug 16, 2023	4644
Aug 17, 2023	5204
Aug 18, 2023	5764
Aug 19, 2023	6210
Aug 20, 2023	6656
Aug 21, 2023	7102
Aug 22, 2023	6989
Aug 23, 2023	6875
Aug 24, 2023	6761
Aug 25, 2023	6648
Aug 26, 2023	6730
Aug 27, 2023	6811
Aug 28, 2023	6893
Aug 29, 2023	7087
Aug 30, 2023	7283
Aug 31, 2023	7478
Sep 01, 2023	7673
Sep 02, 2023	7781
Sep 03, 2023	7889
Sep 04, 2023	7997
Sep 05, 2023	7910
Sep 06, 2023	7823
Sep 07, 2023	7735
Sep 08, 2023	7649
Sep 09, 2023	7604
Sep 10, 2023	7560
Sep 11, 2023	7515
Sep 12, 2023	7557
Sep 13, 2023	7600
Sep 14, 2023	7643
Sep 15, 2023	7685
Sep 16, 2023	7558
Sep 17, 2023	7432
Sep 18, 2023	7305
Sep 19, 2023	7135
Sep 20, 2023	6965
Sep 21, 2023	6796
Sep 22, 2023	6627
Sep 23, 2023	6640
Sep 24, 2023	6652
Sep 25, 2023	6665
Sep 26, 2023	6847
Sep 27, 2023	7029
Sep 28, 2023	7211
Sep 29, 2023	7394
Sep 30, 2023	7127
Oct 01, 2023	6860
Oct 02, 2023	6593
Oct 03, 2023	6144
Oct 04, 2023	5695
Oct 05, 2023	5246
Oct 06, 2023	4797
Oct 07, 2023	4704
Oct 08, 2023	4611
Oct 09, 2023	4518
Oct 10, 2023	4874
Oct 11, 2023	5230
Oct 12, 2023	5586
Oct 13, 2023	5942
Oct 14, 2023	6363
Oct 15, 2023	6783
Oct 16, 2023	7204
Oct 17, 2023	7269
Oct 18, 2023	7334
Oct 19, 2023	7398
Oct 20, 2023	7463
Oct 21, 2023	7736
Oct 22, 2023	8010
Oct 23, 2023	8283
Oct 24, 2023	8491
Oct 25, 2023	8700
Oct 26, 2023	8909
Oct 27, 2023	9529
Oct 28, 2023	9176
Oct 29, 2023	8823
Oct 30, 2023	8469
Oct 31, 2023	7907
Nov 01, 2023	7345
Nov 02, 2023	6783
Nov 03, 2023	6305
Nov 04, 2023	5827
Nov 05, 2023	5347
Nov 06, 2023	4456
Nov 07, 2023	4538
Nov 08, 2023	4621
Nov 09, 2023	4704
Nov 10, 2023	4787
Nov 11, 2023	5980
Nov 12, 2023	6206
Nov 13, 2023	6528
Nov 14, 2023	7978
Nov 15, 2023	9350
Nov 16, 2023	11355
Nov 17, 2023	12399
Nov 18, 2023	13371
Nov 19, 2023	13727
Nov 20, 2023	13902
Nov 21, 2023	13865
Nov 22, 2023	14908
Nov 23, 2023	16228
Nov 24, 2023	15810
Nov 25, 2023	15325
Nov 26, 2023	13689
Nov 27, 2023	12586
Nov 28, 2023	12912
Nov 29, 2023	13706
Nov 30, 2023	15107
Dec 01, 2023	15008
Dec 02, 2023	14704
Dec 03, 2023	13548
Dec 04, 2023	12665
Dec 05, 2023	12924
Dec 06, 2023	13870
Dec 07, 2023	15623
Dec 08, 2023	15423
Dec 09, 2023	14793
Dec 10, 2023	13733
Dec 11, 2023	12964
Dec 12, 2023	13655
Dec 13, 2023	14488
Dec 14, 2023	15589
Dec 15, 2023	16101
Dec 16, 2023	15757
Dec 17, 2023	14425
Dec 18, 2023	13694
Dec 19, 2023	14138
Dec 20, 2023	15563
Dec 21, 2023	17238
Dec 22, 2023	17431
Dec 23, 2023	17020
Dec 24, 2023	16250
Dec 25, 2023	14814
Dec 26, 2023	13976
Dec 27, 2023	13861
Dec 28, 2023	14100
Dec 29, 2023	14383
Dec 30, 2023	13232
Dec 31, 2023	11957
Jan 01, 2024	10512
Jan 02, 2024	9691
Jan 03, 2024	12603
Jan 04, 2024	14636
Jan 05, 2024	15586
Jan 06, 2024	16707
Jan 07, 2024	16679
Jan 08, 2024	15721
Jan 09, 2024	16632
Jan 10, 2024	17509
Jan 11, 2024	19257
Jan 12, 2024	20402
Jan 13, 2024	18126
Jan 14, 2024	16405
Jan 15, 2024	15540
Jan 16, 2024	15245
Jan 17, 2024	14172
Jan 18, 2024	15349
Jan 19, 2024	7959
Jan 20, 2024	8192
Jan 21, 2024	8179
Jan 22, 2024	8166
Jan 23, 2024	12069
Jan 24, 2024	13532
Jan 25, 2024	15355
Jan 26, 2024	8034
Jan 27, 2024	8826
Jan 28, 2024	9347
Jan 29, 2024	9992
Jan 30, 2024	11636
Jan 31, 2024	13192
Feb 01, 2024	14094
Feb 02, 2024	8001
Feb 03, 2024	8713
Feb 04, 2024	9130
Feb 05, 2024	10278
Feb 06, 2024	11619
Feb 07, 2024	12920
Feb 08, 2024	14307
Feb 09, 2024	8014
Feb 10, 2024	9001
Feb 11, 2024	9702
Feb 12, 2024	10238
Feb 13, 2024	11486
Feb 14, 2024	12347
Feb 15, 2024	14271
Feb 16, 2024	8018
Feb 17, 2024	8978
Feb 18, 2024	9506
Feb 19, 2024	10197
Feb 20, 2024	11335
Feb 21, 2024	12674
Feb 22, 2024	13848
Feb 23, 2024	8012
Feb 24, 2024	8792
Feb 25, 2024	9223
Feb 26, 2024	10215
Feb 27, 2024	11261
Feb 28, 2024	12493
Feb 29, 2024	13814
Mar 01, 2024	8023
Mar 02, 2024	8829
