Feb 15, 2020	0
Feb 16, 2020	0
Feb 17, 2020	0
Feb 18, 2020	0
Feb 19, 2020	0
Feb 20, 2020	1
Feb 21, 2020	0
Feb 22, 2020	0
Feb 23, 2020	0
Feb 24, 2020	0
Feb 25, 2020	4
Feb 26, 2020	0
Feb 27, 2020	0
Feb 28, 2020	0
Feb 29, 2020	0
Mar 01, 2020	0
Mar 02, 2020	0
Mar 03, 2020	6
Mar 04, 2020	0
Mar 05, 2020	1
Mar 06, 2020	0
Mar 07, 2020	0
Mar 08, 2020	0
Mar 09, 2020	0
Mar 10, 2020	0
Mar 11, 2020	2
Mar 12, 2020	2
Mar 13, 2020	0
Mar 14, 2020	1
Mar 15, 2020	0
Mar 16, 2020	0
Mar 17, 2020	0
Mar 18, 2020	16
Mar 19, 2020	3
Mar 20, 2020	0
Mar 21, 2020	0
Mar 22, 2020	41
Mar 23, 2020	30
Mar 24, 2020	0
Mar 25, 2020	0
Mar 26, 2020	50
Mar 27, 2020	0
Mar 28, 2020	0
Mar 29, 2020	72
Mar 30, 2020	0
Mar 31, 2020	99
Apr 01, 2020	0
Apr 02, 2020	234
Apr 03, 2020	0
Apr 04, 2020	0
Apr 05, 2020	483
Apr 06, 2020	1319
Apr 07, 2020	112
Apr 08, 2020	285
Apr 09, 2020	192
Apr 10, 2020	126
Apr 11, 2020	101
Apr 12, 2020	58
Apr 13, 2020	161
Apr 14, 2020	95
Apr 15, 2020	99
Apr 16, 2020	49
Apr 17, 2020	85
Apr 18, 2020	347
Apr 19, 2020	45
Apr 20, 2020	45
Apr 21, 2020	411
Apr 22, 2020	230
Apr 23, 2020	119
Apr 24, 2020	79
Apr 25, 2020	236
Apr 26, 2020	165
Apr 27, 2020	41
Apr 28, 2020	48
Apr 29, 2020	33
Apr 30, 2020	45
May 01, 2020	31
May 02, 2020	45
May 03, 2020	23
May 04, 2020	45
May 05, 2020	28
May 06, 2020	93
May 07, 2020	50
May 08, 2020	42
May 09, 2020	55
May 10, 2020	29
May 11, 2020	16
May 12, 2020	44
May 13, 2020	45
May 14, 2020	20
May 15, 2020	37
May 16, 2020	29
May 17, 2020	4
May 18, 2020	32
May 19, 2020	19
May 20, 2020	34
May 21, 2020	25
May 22, 2020	9
May 23, 2020	19
May 24, 2020	10
May 25, 2020	23
May 26, 2020	21
May 27, 2020	15
May 28, 2020	8
May 29, 2020	9
May 30, 2020	26
May 31, 2020	5
Jun 01, 2020	5
Jun 02, 2020	5
Jun 03, 2020	16
Jun 04, 2020	27
Jun 05, 2020	16
Jun 06, 2020	10
Jun 07, 2020	12
Jun 08, 2020	2
Jun 09, 2020	13
Jun 10, 2020	24
Jun 11, 2020	116
Jun 12, 2020	168
Jun 13, 2020	19
Jun 14, 2020	27
Jun 15, 2020	12
Jun 16, 2020	7
Jun 17, 2020	5
Jun 18, 2020	7
Jun 19, 2020	5
Jun 20, 2020	8
Jun 21, 2020	9
Jun 22, 2020	7
Jun 23, 2020	14
Jun 24, 2020	8
Jun 25, 2020	105
Jun 26, 2020	16
Jun 27, 2020	24
Jun 28, 2020	17
Jun 29, 2020	22
Jun 30, 2020	36
Jul 01, 2020	35
Jul 02, 2020	36
Jul 03, 2020	222
Jul 04, 2020	41
Jul 05, 2020	45
Jul 06, 2020	30
Jul 07, 2020	41
Jul 08, 2020	39
Jul 09, 2020	97
Jul 10, 2020	52
Jul 11, 2020	110
Jul 12, 2020	4
Jul 13, 2020	46
Jul 14, 2020	65
Jul 15, 2020	86
Jul 16, 2020	118
Jul 17, 2020	82
Jul 18, 2020	48
Jul 19, 2020	115
Jul 20, 2020	176
Jul 21, 2020	113
Jul 22, 2020	185
Jul 23, 2020	168
Jul 24, 2020	168
Jul 25, 2020	84
Jul 26, 2020	189
Jul 27, 2020	206
Jul 28, 2020	113
Jul 29, 2020	180
Jul 30, 2020	138
Jul 31, 2020	216
Aug 01, 2020	178
Aug 02, 2020	213
Aug 03, 2020	201
Aug 04, 2020	173
Aug 05, 2020	169
Aug 06, 2020	175
Aug 07, 2020	202
Aug 08, 2020	241
Aug 09, 2020	315
Aug 10, 2020	271
Aug 11, 2020	269
Aug 12, 2020	383
Aug 13, 2020	233
Aug 14, 2020	352
Aug 15, 2020	286
Aug 16, 2020	437
Aug 17, 2020	439
Aug 18, 2020	400
Aug 19, 2020	322
Aug 20, 2020	2472
Aug 21, 2020	600
Aug 22, 2020	297
Aug 23, 2020	474
Aug 24, 2020	371
Aug 25, 2020	218
Aug 26, 2020	295
Aug 27, 2020	279
Aug 28, 2020	278
Aug 29, 2020	221
Aug 30, 2020	258
Aug 31, 2020	247
Sep 01, 2020	163
Sep 02, 2020	201
Sep 03, 2020	229
Sep 04, 2020	266
Sep 05, 2020	161
Sep 06, 2020	149
Sep 07, 2020	136
Sep 08, 2020	132
Sep 09, 2020	145
Sep 10, 2020	174
Sep 11, 2020	184
Sep 12, 2020	116
Sep 13, 2020	125
Sep 14, 2020	114
Sep 15, 2020	81
Sep 16, 2020	80
Sep 17, 2020	69
Sep 18, 2020	74
Sep 19, 2020	110
Sep 20, 2020	102
Sep 21, 2020	100
Sep 22, 2020	70
Sep 23, 2020	111
Sep 24, 2020	35
Sep 25, 2020	66
Sep 26, 2020	55
Sep 27, 2020	68
Sep 28, 2020	49
Sep 29, 2020	156
Sep 30, 2020	9
Oct 01, 2020	12
Oct 02, 2020	28
Oct 03, 2020	29
Oct 04, 2020	8
Oct 05, 2020	17
Oct 06, 2020	15
Oct 07, 2020	22
Oct 08, 2020	4
Oct 09, 2020	19
Oct 10, 2020	15
Oct 11, 2020	17
Oct 12, 2020	17
Oct 13, 2020	7
Oct 14, 2020	10
Oct 15, 2020	13
Oct 16, 2020	25
Oct 17, 2020	8
Oct 18, 2020	24
Oct 19, 2020	22
Oct 20, 2020	15
Oct 21, 2020	21
Oct 22, 2020	21
Oct 23, 2020	31
Oct 24, 2020	24
Oct 25, 2020	21
Oct 26, 2020	9
Oct 27, 2020	12
Oct 28, 2020	6
Oct 29, 2020	8
Oct 30, 2020	30
Oct 31, 2020	15
Nov 01, 2020	22
Nov 02, 2020	18
Nov 03, 2020	15
Nov 04, 2020	21
Nov 05, 2020	7
Nov 06, 2020	14
Nov 07, 2020	13
Nov 08, 2020	15
Nov 09, 2020	13
Nov 10, 2020	8
Nov 11, 2020	5
Nov 12, 2020	7
Nov 13, 2020	8
Nov 14, 2020	12
Nov 15, 2020	12
Nov 16, 2020	11
Nov 17, 2020	7
Nov 18, 2020	6
Nov 19, 2020	10
Nov 20, 2020	10
Nov 21, 2020	8
Nov 22, 2020	13
Nov 23, 2020	4
Nov 24, 2020	8
Nov 25, 2020	17
Nov 26, 2020	22
Nov 27, 2020	10
Nov 28, 2020	17
Nov 29, 2020	7
Nov 30, 2020	7
Dec 01, 2020	14
Dec 02, 2020	15
Dec 03, 2020	14
Dec 04, 2020	14
Dec 05, 2020	7
Dec 06, 2020	11
Dec 07, 2020	7
Dec 08, 2020	11
Dec 09, 2020	8
Dec 10, 2020	11
Dec 11, 2020	8
Dec 12, 2020	11
Dec 13, 2020	16
Dec 14, 2020	10
Dec 15, 2020	7
Dec 16, 2020	9
Dec 17, 2020	7
Dec 18, 2020	15
Dec 19, 2020	6
Dec 20, 2020	7
Dec 21, 2020	12
Dec 22, 2020	13
Dec 23, 2020	6
Dec 24, 2020	8
Dec 25, 2020	9
Dec 26, 2020	11
Dec 27, 2020	12
Dec 28, 2020	22
Dec 29, 2020	34
Dec 30, 2020	43
Dec 31, 2020	26
Jan 01, 2021	21
Jan 02, 2021	19
Jan 03, 2021	24
Jan 04, 2021	14
Jan 05, 2021	21
Jan 06, 2021	15
Jan 07, 2021	25
Jan 08, 2021	13
Jan 09, 2021	31
Jan 10, 2021	24
Jan 11, 2021	22
Jan 12, 2021	42
Jan 13, 2021	13
Jan 14, 2021	21
Jan 15, 2021	19
Jan 16, 2021	13
Jan 17, 2021	10
Jan 18, 2021	25
Jan 19, 2021	12
Jan 20, 2021	12
Jan 21, 2021	19
Jan 22, 2021	19
Jan 23, 2021	17
Jan 24, 2021	8
Jan 25, 2021	7
Jan 26, 2021	24
Jan 27, 2021	19
Jan 28, 2021	13
Jan 29, 2021	9
Jan 30, 2021	10
Jan 31, 2021	10
Feb 01, 2021	5
Feb 02, 2021	6
Feb 03, 2021	5
Feb 04, 2021	11
Feb 05, 2021	3
Feb 06, 2021	5
Feb 07, 2021	8
Feb 08, 2021	7
Feb 09, 2021	6
Feb 10, 2021	5
Feb 11, 2021	7
Feb 12, 2021	6
Feb 13, 2021	5
Feb 14, 2021	9
Feb 15, 2021	4
Feb 16, 2021	6
Feb 17, 2021	2
Feb 18, 2021	7
Feb 19, 2021	3
Feb 20, 2021	11
Feb 21, 2021	6
Feb 22, 2021	10
Feb 23, 2021	5
Feb 24, 2021	6
Feb 25, 2021	2
Feb 26, 2021	5
Feb 27, 2021	6
Feb 28, 2021	1
Mar 01, 2021	6
Mar 02, 2021	2
Mar 03, 2021	6
Mar 04, 2021	4
Mar 05, 2021	7
Mar 06, 2021	2
Mar 07, 2021	8
Mar 08, 2021	11
Mar 09, 2021	7
Mar 10, 2021	5
Mar 11, 2021	5
Mar 12, 2021	11
Mar 13, 2021	10
Mar 14, 2021	11
Mar 15, 2021	14
Mar 16, 2021	9
Mar 17, 2021	7
Mar 18, 2021	9
Mar 19, 2021	15
Mar 20, 2021	13
Mar 21, 2021	16
Mar 22, 2021	12
Mar 23, 2021	10
Mar 24, 2021	5
Mar 25, 2021	13
Mar 26, 2021	7
Mar 27, 2021	17
Mar 28, 2021	12
Mar 29, 2021	15
Mar 30, 2021	10
Mar 31, 2021	5
Apr 01, 2021	9
Apr 02, 2021	6
Apr 03, 2021	7
Apr 04, 2021	10
Apr 05, 2021	10
Apr 06, 2021	11
Apr 07, 2021	6
Apr 08, 2021	18
Apr 09, 2021	20
Apr 10, 2021	11
Apr 11, 2021	15
Apr 12, 2021	14
Apr 13, 2021	7
Apr 14, 2021	3
Apr 15, 2021	13
Apr 16, 2021	7
Apr 17, 2021	13
Apr 18, 2021	5
Apr 19, 2021	6
Apr 20, 2021	8
Apr 21, 2021	6
Apr 22, 2021	17
Apr 23, 2021	18
Apr 24, 2021	14
Apr 25, 2021	18
Apr 26, 2021	15
Apr 27, 2021	21
Apr 28, 2021	14
Apr 29, 2021	24
Apr 30, 2021	16
May 01, 2021	19
May 02, 2021	24
May 03, 2021	37
May 04, 2021	19
May 05, 2021	8
May 06, 2021	29
May 07, 2021	30
May 08, 2021	24
May 09, 2021	30
May 10, 2021	22
May 11, 2021	11
May 12, 2021	14
May 13, 2021	15
May 14, 2021	11
May 15, 2021	13
May 16, 2021	21
May 17, 2021	11
May 18, 2021	9
May 19, 2021	10
May 20, 2021	15
May 21, 2021	7
May 22, 2021	9
May 23, 2021	8
May 24, 2021	2
May 25, 2021	10
May 26, 2021	8
May 27, 2021	3
May 28, 2021	10
May 29, 2021	3
May 30, 2021	6
May 31, 2021	3
Jun 01, 2021	4
Jun 02, 2021	7
Jun 03, 2021	8
Jun 04, 2021	11
Jun 05, 2021	18
Jun 06, 2021	15
Jun 07, 2021	10
Jun 08, 2021	10
Jun 09, 2021	15
Jun 10, 2021	8
Jun 11, 2021	12
Jun 12, 2021	12
Jun 13, 2021	7
Jun 14, 2021	13
Jun 15, 2021	8
Jun 16, 2021	17
Jun 17, 2021	19
Jun 18, 2021	10
Jun 19, 2021	6
Jun 20, 2021	15
Jun 21, 2021	4
Jun 22, 2021	8
Jun 23, 2021	11
Jun 24, 2021	14
Jun 25, 2021	10
Jun 26, 2021	19
Jun 27, 2021	11
Jun 28, 2021	11
Jun 29, 2021	9
Jun 30, 2021	9
Jul 01, 2021	25
Jul 02, 2021	10
Jul 03, 2021	12
Jul 04, 2021	30
Jul 05, 2021	14
Jul 06, 2021	34
Jul 07, 2021	42
Jul 08, 2021	30
Jul 09, 2021	33
Jul 10, 2021	47
Jul 11, 2021	32
Jul 12, 2021	40
Jul 13, 2021	46
Jul 14, 2021	23
Jul 15, 2021	45
Jul 16, 2021	29
Jul 17, 2021	28
Jul 18, 2021	42
Jul 19, 2021	44
Jul 20, 2021	62
Jul 21, 2021	86
Jul 22, 2021	118
Jul 23, 2021	96
Jul 24, 2021	106
Jul 25, 2021	81
Jul 26, 2021	113
Jul 27, 2021	133
Jul 28, 2021	125
Jul 29, 2021	113
Jul 30, 2021	110
Jul 31, 2021	135
Aug 01, 2021	153
Aug 02, 2021	151
Aug 03, 2021	168
Aug 04, 2021	156
Aug 05, 2021	156
Aug 06, 2021	180
Aug 07, 2021	194
Aug 08, 2021	250
Aug 09, 2021	172
Aug 10, 2021	212
Aug 11, 2021	245
Aug 12, 2021	221
Aug 13, 2021	212
Aug 14, 2021	242
Aug 15, 2021	286
Aug 16, 2021	286
Aug 17, 2021	346
Aug 18, 2021	278
Aug 19, 2021	286
Aug 20, 2021	370
Aug 21, 2021	352
Aug 22, 2021	363
Aug 23, 2021	401
Aug 24, 2021	478
Aug 25, 2021	431
Aug 26, 2021	495
Aug 27, 2021	468
Aug 28, 2021	657
Aug 29, 2021	721
Aug 30, 2021	686
Aug 31, 2021	861
Sep 01, 2021	878
Sep 02, 2021	860
Sep 03, 2021	794
Sep 04, 2021	947
Sep 05, 2021	1079
Sep 06, 2021	944
Sep 07, 2021	1082
Sep 08, 2021	1276
Sep 09, 2021	1313
Sep 10, 2021	1195
Sep 11, 2021	1201
Sep 12, 2021	1426
Sep 13, 2021	1593
Sep 14, 2021	1690
Sep 15, 2021	1598
Sep 16, 2021	1491
Sep 17, 2021	1421
Sep 18, 2021	1638
Sep 19, 2021	1661
Sep 20, 2021	1816
Sep 21, 2021	1976
Sep 22, 2021	1602
Sep 23, 2021	1657
Sep 24, 2021	1515
Sep 25, 2021	1592
Sep 26, 2021	1796
Sep 27, 2021	1735
Sep 28, 2021	1795
Sep 29, 2021	1506
Sep 30, 2021	1420
Oct 01, 2021	1547
Oct 02, 2021	1604
Oct 03, 2021	1745
Oct 04, 2021	1704
Oct 05, 2021	1802
Oct 06, 2021	1663
Oct 07, 2021	1441
Oct 08, 2021	1820
Oct 09, 2021	1739
Oct 10, 2021	2323
Oct 11, 2021	1976
Oct 12, 2021	2073
Oct 13, 2021	2004
Oct 14, 2021	1945
Oct 15, 2021	2312
Oct 16, 2021	1961
Oct 17, 2021	2141
Oct 18, 2021	2430
Oct 19, 2021	2445
Oct 20, 2021	2290
Oct 21, 2021	2042
Oct 22, 2021	1742
Oct 23, 2021	1999
Oct 24, 2021	2600
Oct 25, 2021	2506
Oct 26, 2021	2245
Oct 27, 2021	2028
Oct 28, 2021	2041
Oct 29, 2021	1944
Oct 30, 2021	2051
Oct 31, 2021	2464
Nov 01, 2021	2297
Nov 02, 2021	1989
Nov 03, 2021	2104
Nov 04, 2021	1624
Nov 05, 2021	1723
Nov 06, 2021	1695
Nov 07, 2021	2067
Nov 08, 2021	1823
Nov 09, 2021	1507
Nov 10, 2021	1055
Nov 11, 2021	1525
Nov 12, 2021	1093
Nov 13, 2021	1077
Nov 14, 2021	1491
Nov 15, 2021	1531
Nov 16, 2021	1483
Nov 17, 2021	1332
Nov 18, 2021	1220
Nov 19, 2021	1245
Nov 20, 2021	1165
Nov 21, 2021	1506
Nov 22, 2021	1360
Nov 23, 2021	1406
Nov 24, 2021	1060
Nov 25, 2021	984
Nov 26, 2021	976
Nov 27, 2021	1188
Nov 28, 2021	1240
Nov 29, 2021	1456
Nov 30, 2021	1313
Dec 01, 2021	1422
Dec 02, 2021	1164
Dec 03, 2021	964
Dec 04, 2021	1403
Dec 05, 2021	1494
Dec 06, 2021	1572
Dec 07, 2021	1428
Dec 08, 2021	1194
Dec 09, 2021	1118
Dec 10, 2021	1066
Dec 11, 2021	1360
Dec 12, 2021	1657
Dec 13, 2021	1483
Dec 14, 2021	1639
Dec 15, 2021	1227
Dec 16, 2021	1231
Dec 17, 2021	1394
Dec 18, 2021	1649
Dec 19, 2021	1602
Dec 20, 2021	1681
Dec 21, 2021	1693
Dec 22, 2021	1493
Dec 23, 2021	1762
Dec 24, 2021	1947
Dec 25, 2021	2716
Dec 26, 2021	3313
Dec 27, 2021	3689
Dec 28, 2021	3917
Dec 29, 2021	3818
Dec 30, 2021	3834
Dec 31, 2021	4386
Jan 01, 2022	5541
Jan 02, 2022	8387
Jan 03, 2022	8797
Jan 04, 2022	9675
Jan 05, 2022	9152
Jan 06, 2022	9768
Jan 07, 2022	10945
Jan 08, 2022	17645
Jan 09, 2022	20645
Jan 10, 2022	31922
Jan 11, 2022	34232
Jan 12, 2022	31298
Jan 13, 2022	35975
Jan 14, 2022	46354
Jan 15, 2022	62662
Jan 16, 2022	70145
Jan 17, 2022	75577
Jan 18, 2022	108375
Jan 19, 2022	76590
Jan 20, 2022	62791
Jan 21, 2022	88307
Jan 22, 2022	100825
Jan 23, 2022	146610
Jan 24, 2022	126495
Jan 25, 2022	98437
Jan 26, 2022	83726
Jan 27, 2022	71758
Jan 28, 2022	70758
Jan 29, 2022	77315
Jan 30, 2022	73544
Jan 31, 2022	62744
Feb 01, 2022	53561
Feb 02, 2022	47591
Feb 03, 2022	39498
Feb 04, 2022	45495
Feb 05, 2022	51071
Feb 06, 2022	44317
Feb 07, 2022	39854
Feb 08, 2022	39602
Feb 09, 2022	35802
Feb 10, 2022	31401
Feb 11, 2022	32392
Feb 12, 2022	39736
Feb 13, 2022	36284
Feb 14, 2022	30785
Feb 15, 2022	28645
Feb 16, 2022	22820
Feb 17, 2022	22255
Feb 18, 2022	27080
Feb 19, 2022	29882
Feb 20, 2022	28342
Feb 21, 2022	28844
Feb 22, 2022	19087
Feb 23, 2022	22775
Feb 24, 2022	18912
Feb 25, 2022	23989
Feb 26, 2022	28053
Feb 27, 2022	26914
Feb 28, 2022	24927
Mar 01, 2022	21319
Mar 02, 2022	16881
Mar 03, 2022	16827
Mar 04, 2022	23994
Mar 05, 2022	26236
Mar 06, 2022	25025
Mar 07, 2022	23836
Mar 08, 2022	21514
Mar 09, 2022	17920
Mar 10, 2022	18578
Mar 11, 2022	24313
Mar 12, 2022	24554
Mar 13, 2022	34875
Mar 14, 2022	23848
Mar 15, 2022	22260
Mar 16, 2022	19011
Mar 17, 2022	21191
Mar 18, 2022	42004
Mar 19, 2022	32552
Mar 20, 2022	37041
Mar 21, 2022	33943
Mar 22, 2022	30719
Mar 23, 2022	28434
Mar 24, 2022	25670
Mar 25, 2022	33101
Mar 26, 2022	57074
Mar 27, 2022	50925
Mar 28, 2022	47363
Mar 29, 2022	45196
Mar 30, 2022	38890
Mar 31, 2022	39019
Apr 01, 2022	52277
Apr 02, 2022	60284
Apr 03, 2022	61470
Apr 04, 2022	57109
Apr 05, 2022	50583
Apr 06, 2022	45200
Apr 07, 2022	45662
Apr 08, 2022	58597
Apr 09, 2022	65545
Apr 10, 2022	58652
Apr 11, 2022	62669
Apr 12, 2022	53158
Apr 13, 2022	46221
Apr 14, 2022	45385
Apr 15, 2022	56580
Apr 16, 2022	60343
Apr 17, 2022	62266
Apr 18, 2022	57435
Apr 19, 2022	47799
Apr 20, 2022	43747
Apr 21, 2022	41526
Apr 22, 2022	44725
Apr 23, 2022	51823
Apr 24, 2022	53877
Apr 25, 2022	46678
Apr 26, 2022	40462
Apr 27, 2022	32256
Apr 28, 2022	33299
Apr 29, 2022	37545
Apr 30, 2022	49911
May 01, 2022	53084
May 02, 2022	47628
May 03, 2022	40590
May 04, 2022	33778
May 05, 2022	29866
May 06, 2022	35343
May 07, 2022	43493
May 08, 2022	44881
May 09, 2022	40572
May 10, 2022	38153
May 11, 2022	31615
May 12, 2022	30405
May 13, 2022	36665
May 14, 2022	44712
May 15, 2022	53372
May 16, 2022	37074
May 17, 2022	43678
May 18, 2022	34288
May 19, 2022	36710
May 20, 2022	46606
May 21, 2022	55504
May 22, 2022	56078
May 23, 2022	50671
May 24, 2022	48573
May 25, 2022	40950
May 26, 2022	40654
May 27, 2022	65793
May 28, 2022	54690
May 29, 2022	52861
May 30, 2022	48571
May 31, 2022	45320
Jun 01, 2022	37444
Jun 02, 2022	33064
Jun 03, 2022	41559
Jun 04, 2022	44525
Jun 05, 2022	44754
Jun 06, 2022	37904
Jun 07, 2022	31880
Jun 08, 2022	25501
Jun 09, 2022	26421
Jun 10, 2022	32369
Jun 11, 2022	33771
Jun 12, 2022	34023
Jun 13, 2022	30768
Jun 14, 2022	26470
Jun 15, 2022	21261
Jun 16, 2022	17214
Jun 17, 2022	30312
Jun 18, 2022	32251
Jun 19, 2022	31849
Jun 20, 2022	29186
Jun 21, 2022	22238
Jun 22, 2022	20242
Jun 23, 2022	18981
Jun 24, 2022	24860
Jun 25, 2022	30103
Jun 26, 2022	31451
Jun 27, 2022	29294
Jun 28, 2022	26130
Jun 29, 2022	21467
Jun 30, 2022	19603
Jul 01, 2022	30670
Jul 02, 2022	31837
Jul 03, 2022	31289
Jul 04, 2022	30069
Jul 05, 2022	27199
Jul 06, 2022	22967
Jul 07, 2022	23257
Jul 08, 2022	26975
Jul 09, 2022	37600
Jul 10, 2022	33506
Jul 11, 2022	33976
Jul 12, 2022	31751
Jul 13, 2022	29416
Jul 14, 2022	28782
Jul 15, 2022	35513
Jul 16, 2022	42211
Jul 17, 2022	41940
Jul 18, 2022	40536
Jul 19, 2022	36083
Jul 20, 2022	30475
Jul 21, 2022	31175
Jul 22, 2022	40085
Jul 23, 2022	42950
Jul 24, 2022	45898
Jul 25, 2022	42079
Jul 26, 2022	38225
Jul 27, 2022	36795
Jul 28, 2022	37928
Jul 29, 2022	48980
Jul 30, 2022	47516
Jul 31, 2022	53470
Aug 01, 2022	51799
Aug 02, 2022	43585
Aug 03, 2022	36613
Aug 04, 2022	35431
Aug 05, 2022	45294
Aug 06, 2022	48156
Aug 07, 2022	45048
Aug 08, 2022	44015
Aug 09, 2022	48631
Aug 10, 2022	29356
Aug 11, 2022	32067
Aug 12, 2022	34427
Aug 13, 2022	39775
Aug 14, 2022	36258
Aug 15, 2022	31678
Aug 16, 2022	27640
Aug 17, 2022	19836
Aug 18, 2022	21468
Aug 19, 2022	25743
Aug 20, 2022	26502
Aug 21, 2022	24523
Aug 22, 2022	22330
Aug 23, 2022	19485
Aug 24, 2022	15199
Aug 25, 2022	14015
Aug 26, 2022	19266
Aug 27, 2022	20060
Aug 28, 2022	19173
Aug 29, 2022	16483
Aug 30, 2022	14617
Aug 31, 2022	9753
Sep 01, 2022	11175
Sep 02, 2022	9171
Sep 03, 2022	14899
Sep 04, 2022	13587
Sep 05, 2022	13003
Sep 06, 2022	10946
Sep 07, 2022	8943
Sep 08, 2022	8379
Sep 09, 2022	11602
Sep 10, 2022	12872
Sep 11, 2022	11396
Sep 12, 2022	9128
Sep 13, 2022	8406
Sep 14, 2022	5661
Sep 15, 2022	8747
Sep 16, 2022	8781
Sep 17, 2022	9635
Sep 18, 2022	8389
Sep 19, 2022	7927
Sep 20, 2022	1652
Sep 21, 2022	1323
Sep 22, 2022	4241
Sep 23, 2022	1646
Sep 24, 2022	1780
Sep 25, 2022	5028
Sep 26, 2022	27013
Sep 27, 2022	1350
Sep 28, 2022	1059
Sep 29, 2022	1093
Sep 30, 2022	1544
Oct 01, 2022	1511
Oct 02, 2022	1433
Oct 03, 2022	35370
Oct 04, 2022	5390
Oct 05, 2022	5390
Oct 06, 2022	5390
Oct 07, 2022	5366
Oct 08, 2022	5384
Oct 09, 2022	5395
Oct 10, 2022	5396
Oct 11, 2022	3082
Oct 12, 2022	4392
Oct 13, 2022	4391
Oct 14, 2022	4393
Oct 15, 2022	4394
Oct 16, 2022	4394
Oct 17, 2022	8828
Oct 18, 2022	5523
Oct 19, 2022	4351
Oct 20, 2022	4352
Oct 21, 2022	4354
Oct 22, 2022	4347
Oct 23, 2022	4351
Oct 24, 2022	4346
Oct 25, 2022	5584
Oct 26, 2022	4696
Oct 27, 2022	4355
Oct 28, 2022	4522
Oct 29, 2022	4527
Oct 30, 2022	4527
Oct 31, 2022	4527
Nov 01, 2022	4584
Nov 02, 2022	4584
Nov 03, 2022	4584
Nov 04, 2022	4534
Nov 05, 2022	4582
Nov 06, 2022	4582
Nov 07, 2022	4851
Nov 08, 2022	4147
Nov 09, 2022	4147
Nov 10, 2022	4147
Nov 11, 2022	4148
Nov 12, 2022	4143
Nov 13, 2022	4144
Nov 14, 2022	15183
Nov 15, 2022	8147
Nov 16, 2022	8147
Nov 17, 2022	8148
Nov 18, 2022	8149
Nov 19, 2022	8145
Nov 20, 2022	8146
Nov 21, 2022	10212
Nov 22, 2022	10611
Nov 23, 2022	10610
Nov 24, 2022	10611
Nov 25, 2022	10610
Nov 26, 2022	10612
Nov 27, 2022	10612
Nov 28, 2022	10615
Nov 29, 2022	11677
Nov 30, 2022	11678
Dec 01, 2022	11678
Dec 02, 2022	11655
Dec 03, 2022	11662
Dec 04, 2022	11663
Dec 05, 2022	11662
Dec 06, 2022	14313
Dec 07, 2022	14313
Dec 08, 2022	14313
Dec 09, 2022	14310
Dec 10, 2022	14314
Dec 11, 2022	14312
Dec 12, 2022	18159
Dec 13, 2022	14778
Dec 14, 2022	14779
Dec 15, 2022	14779
Dec 16, 2022	14770
Dec 17, 2022	14777
Dec 18, 2022	14776
Dec 19, 2022	18091
Dec 20, 2022	12172
Dec 21, 2022	15485
Dec 22, 2022	15485
Dec 23, 2022	15484
Dec 24, 2022	15506
Dec 25, 2022	15504
Dec 26, 2022	19478
Dec 27, 2022	14142
Dec 28, 2022	14141
Dec 29, 2022	14142
Dec 30, 2022	14142
Dec 31, 2022	14118
Jan 01, 2023	14117
Jan 02, 2023	18080
Jan 03, 2023	4375
Jan 04, 2023	8336
Jan 05, 2023	8336
Jan 06, 2023	8337
Jan 07, 2023	8318
Jan 08, 2023	8317
Jan 09, 2023	8318
Jan 10, 2023	10674
Jan 11, 2023	10674
Jan 12, 2023	10675
Jan 13, 2023	10674
Jan 14, 2023	10689
Jan 15, 2023	10688
Jan 16, 2023	10688
Jan 17, 2023	5779
Jan 18, 2023	5777
Jan 19, 2023	5779
Jan 20, 2023	5707
Jan 21, 2023	5811
Jan 22, 2023	5739
Jan 23, 2023	5740
Jan 24, 2023	2391
Jan 25, 2023	2389
Jan 26, 2023	2389
Jan 27, 2023	2369
Jan 28, 2023	2459
Jan 29, 2023	2439
Jan 30, 2023	11265
Jan 31, 2023	2532
Feb 01, 2023	2533
Feb 02, 2023	2533
Feb 03, 2023	2534
Feb 04, 2023	2531
Feb 05, 2023	2532
Feb 06, 2023	5174
Feb 07, 2023	126
Feb 08, 2023	2769
Feb 09, 2023	2770
Feb 10, 2023	2770
Feb 11, 2023	2778
Feb 12, 2023	2778
Feb 13, 2023	2778
Feb 14, 2023	2398
Feb 15, 2023	2377
Feb 16, 2023	2404
Feb 17, 2023	2402
Feb 18, 2023	2414
Feb 19, 2023	2406
Feb 20, 2023	2404
Feb 21, 2023	2102
Feb 22, 2023	2102
Feb 23, 2023	2102
Feb 24, 2023	2103
Feb 25, 2023	4080
Feb 26, 2023	2304
Feb 27, 2023	1967
Feb 28, 2023	837
Mar 01, 2023	2871
Mar 02, 2023	2870
Mar 03, 2023	2870
Mar 04, 2023	2864
Mar 05, 2023	2864
Mar 06, 2023	2864
Mar 07, 2023	2645
Mar 08, 2023	2645
Mar 09, 2023	2645
Mar 10, 2023	2646
Mar 11, 2023	2649
Mar 12, 2023	2650
Mar 13, 2023	2650
Mar 14, 2023	2787
Mar 15, 2023	2786
Mar 16, 2023	2786
Mar 17, 2023	2786
Mar 18, 2023	2790
Mar 19, 2023	2790
Mar 20, 2023	2790
Mar 21, 2023	3138
Mar 22, 2023	3138
Mar 23, 2023	3138
Mar 24, 2023	3138
Mar 25, 2023	3134
Mar 26, 2023	3135
Mar 27, 2023	3133
Mar 28, 2023	3311
Mar 29, 2023	3312
Mar 30, 2023	3312
Mar 31, 2023	3311
Apr 01, 2023	3314
Apr 02, 2023	3315
Apr 03, 2023	3314
Apr 04, 2023	3730
Apr 05, 2023	3731
Apr 06, 2023	3730
Apr 07, 2023	3731
Apr 08, 2023	3724
Apr 09, 2023	3726
Apr 10, 2023	3724
Apr 11, 2023	3528
Apr 12, 2023	3527
Apr 13, 2023	3528
Apr 14, 2023	3526
Apr 15, 2023	3529
Apr 16, 2023	3529
Apr 17, 2023	3529
Apr 18, 2023	4051
Apr 19, 2023	4052
Apr 20, 2023	4051
Apr 21, 2023	4051
Apr 22, 2023	4049
Apr 23, 2023	4050
Apr 24, 2023	4049
Apr 25, 2023	4137
Apr 26, 2023	4135
Apr 27, 2023	4136
Apr 28, 2023	4135
Apr 29, 2023	4133
Apr 30, 2023	4133
May 01, 2023	4133
May 02, 2023	4294
May 03, 2023	4295
May 04, 2023	4295
May 05, 2023	4294
May 06, 2023	4293
May 07, 2023	4294
May 08, 2023	4293
May 09, 2023	4252
May 10, 2023	4251
May 11, 2023	4252
May 12, 2023	4251
May 13, 2023	4258
May 14, 2023	4258
May 15, 2023	4258
May 16, 2023	4634
May 17, 2023	4635
May 18, 2023	4635
May 19, 2023	4634
May 20, 2023	4617
May 21, 2023	4617
May 22, 2023	4617
May 23, 2023	5415
May 24, 2023	5414
May 25, 2023	5414
May 26, 2023	5414
May 27, 2023	5421
May 28, 2023	5420
May 29, 2023	5421
May 30, 2023	5805
May 31, 2023	5806
Jun 01, 2023	5806
Jun 02, 2023	5807
Jun 03, 2023	5803
Jun 04, 2023	5803
Jun 05, 2023	5803
Jun 06, 2023	5191
Jun 07, 2023	5191
Jun 08, 2023	5191
Jun 09, 2023	5192
Jun 10, 2023	5190
Jun 11, 2023	5189
Jun 12, 2023	5190
Jun 13, 2023	4301
Jun 14, 2023	4302
Jun 15, 2023	4300
Jun 16, 2023	4301
Jun 17, 2023	4310
Jun 18, 2023	4310
Jun 19, 2023	4310
Jun 20, 2023	2751
Jun 21, 2023	2751
Jun 22, 2023	2750
Jun 23, 2023	2750
Jun 24, 2023	2742
Jun 25, 2023	2741
Jun 26, 2023	2742
Jun 27, 2023	2407
Jun 28, 2023	2407
Jun 29, 2023	2406
Jun 30, 2023	2407
Jul 01, 2023	2417
Jul 02, 2023	2418
Jul 03, 2023	2418
Jul 04, 2023	1464
Jul 05, 2023	1463
Jul 06, 2023	1464
Jul 07, 2023	1462
Jul 08, 2023	1466
Jul 09, 2023	1466
Jul 10, 2023	1466
Jul 11, 2023	1948
Jul 12, 2023	1948
Jul 13, 2023	1949
Jul 14, 2023	1948
Jul 15, 2023	1951
Jul 16, 2023	1950
Jul 17, 2023	1951
Jul 18, 2023	530
Jul 19, 2023	530
Jul 20, 2023	529
Jul 21, 2023	529
Jul 22, 2023	519
Jul 23, 2023	520
Jul 24, 2023	519
Jul 25, 2023	948
Jul 26, 2023	947
Jul 27, 2023	948
Jul 28, 2023	947
Jul 29, 2023	967
Jul 30, 2023	965
Jul 31, 2023	967
Aug 01, 2023	856
Aug 02, 2023	855
Aug 03, 2023	855
Aug 04, 2023	856
Aug 05, 2023	846
Aug 06, 2023	845
Aug 07, 2023	846
Aug 08, 2023	708
Aug 09, 2023	707
Aug 10, 2023	707
Aug 11, 2023	707
Aug 12, 2023	715
Aug 13, 2023	716
Aug 14, 2023	715
Aug 15, 2023	179
Aug 16, 2023	177
Aug 17, 2023	179
Aug 18, 2023	177
Aug 19, 2023	175
Aug 20, 2023	174
Aug 21, 2023	175
Aug 22, 2023	735
Aug 23, 2023	735
Aug 24, 2023	734
Aug 25, 2023	734
Aug 26, 2023	735
Aug 27, 2023	735
Aug 28, 2023	735
Aug 29, 2023	622
Aug 30, 2023	621
Aug 31, 2023	621
Sep 01, 2023	622
Sep 02, 2023	625
Sep 03, 2023	624
Sep 04, 2023	625
Sep 05, 2023	821
Sep 06, 2023	820
Sep 07, 2023	820
Sep 08, 2023	819
Sep 09, 2023	820
Sep 10, 2023	821
Sep 11, 2023	820
Sep 12, 2023	733
Sep 13, 2023	732
Sep 14, 2023	734
Sep 15, 2023	733
Sep 16, 2023	735
Sep 17, 2023	734
Sep 18, 2023	735
Sep 19, 2023	778
Sep 20, 2023	778
Sep 21, 2023	777
Sep 22, 2023	777
Sep 23, 2023	773
Sep 24, 2023	774
Sep 25, 2023	773
Sep 26, 2023	604
Sep 27, 2023	604
Sep 28, 2023	604
Sep 29, 2023	603
Sep 30, 2023	605
Oct 01, 2023	606
Oct 02, 2023	606
Oct 03, 2023	788
Oct 04, 2023	788
Oct 05, 2023	788
Oct 06, 2023	788
Oct 07, 2023	789
Oct 08, 2023	789
Oct 09, 2023	789
Oct 10, 2023	340
Oct 11, 2023	340
Oct 12, 2023	340
Oct 13, 2023	340
Oct 14, 2023	338
Oct 15, 2023	338
Oct 16, 2023	338
Oct 17, 2023	694
Oct 18, 2023	694
Oct 19, 2023	694
Oct 20, 2023	695
Oct 21, 2023	696
Oct 22, 2023	696
Oct 23, 2023	696
Oct 24, 2023	761
Oct 25, 2023	760
Oct 26, 2023	761
Oct 27, 2023	762
Oct 28, 2023	760
Oct 29, 2023	759
Oct 30, 2023	760
Oct 31, 2023	968
Nov 01, 2023	969
Nov 02, 2023	968
Nov 03, 2023	969
Nov 04, 2023	966
Nov 05, 2023	967
Nov 06, 2023	1378
Nov 07, 2023	405
Nov 08, 2023	404
Nov 09, 2023	404
Nov 10, 2023	404
Nov 11, 2023	404
Nov 12, 2023	403
Nov 13, 2023	487
Nov 14, 2023	487
Nov 15, 2023	486
Nov 16, 2023	487
Nov 17, 2023	487
Nov 18, 2023	487
Nov 19, 2023	487
Nov 20, 2023	487
Nov 21, 2023	1598
Nov 22, 2023	631
Nov 23, 2023	811
Nov 24, 2023	1939
Nov 25, 2023	1856
Nov 26, 2023	2489
Nov 27, 2023	1528
Nov 28, 2023	1456
Nov 29, 2023	840
Nov 30, 2023	659
Dec 01, 2023	1559
Dec 02, 2023	1670
Dec 03, 2023	2127
Dec 04, 2023	1517
Dec 05, 2023	1371
Dec 06, 2023	854
Dec 07, 2023	426
Dec 08, 2023	1778
Dec 09, 2023	1634
Dec 10, 2023	2060
Dec 11, 2023	1459
Dec 12, 2023	1366
Dec 13, 2023	971
Dec 14, 2023	634
Dec 15, 2023	1631
Dec 16, 2023	1802
Dec 17, 2023	2181
Dec 18, 2023	1585
Dec 19, 2023	1007
Dec 20, 2023	1003
Dec 21, 2023	693
Dec 22, 2023	2060
Dec 23, 2023	1806
Dec 24, 2023	1737
Dec 25, 2023	2144
Dec 26, 2023	1457
Dec 27, 2023	848
Dec 28, 2023	853
Dec 29, 2023	1451
Dec 30, 2023	2432
Dec 31, 2023	2372
Jan 01, 2024	2258
Jan 02, 2024	1401
Jan 03, 2024	973
Jan 04, 2024	714
Jan 05, 2024	625
Jan 06, 2024	736
Jan 07, 2024	1095
Jan 08, 2024	1736
Jan 09, 2024	1279
Jan 10, 2024	1095
Jan 11, 2024	811
Jan 12, 2024	578
Jan 13, 2024	3877
Jan 14, 2024	2740
Jan 15, 2024	1568
Jan 16, 2024	1853
Jan 17, 2024	1063
Jan 18, 2024	774
Jan 19, 2024	8753
Jan 20, 2024	0
Jan 21, 2024	0
Jan 22, 2024	0
Jan 23, 2024	0
Jan 24, 2024	0
Jan 25, 2024	0
Jan 26, 2024	8497
Jan 27, 2024	0
Jan 28, 2024	0
Jan 29, 2024	0
Jan 30, 2024	0
Jan 31, 2024	0
Feb 01, 2024	0
Feb 02, 2024	44254
Feb 03, 2024	0
Feb 04, 2024	0
Feb 05, 2024	0
Feb 06, 2024	0
Feb 07, 2024	0
Feb 08, 2024	0
Feb 09, 2024	7502
Feb 10, 2024	0
Feb 11, 2024	0
Feb 12, 2024	0
Feb 13, 2024	0
Feb 14, 2024	0
Feb 15, 2024	0
Feb 16, 2024	7350
Feb 17, 2024	0
Feb 18, 2024	0
Feb 19, 2024	0
Feb 20, 2024	0
Feb 21, 2024	0
Feb 22, 2024	0
Feb 23, 2024	7315
Feb 24, 2024	0
Feb 25, 2024	0
Feb 26, 2024	0
Feb 27, 2024	0
Feb 28, 2024	0
Feb 29, 2024	0
Mar 01, 2024	6790
Mar 02, 2024	0
