Feb 15, 2020	0
Feb 16, 2020	0
Feb 17, 2020	0
Feb 18, 2020	0
Feb 19, 2020	0
Feb 20, 2020	0
Feb 21, 2020	0
Feb 22, 2020	0
Feb 23, 2020	0
Feb 24, 2020	0
Feb 25, 2020	0
Feb 26, 2020	0
Feb 27, 2020	1
Feb 28, 2020	7
Feb 29, 2020	18
Mar 01, 2020	37
Mar 02, 2020	71
Mar 03, 2020	124
Mar 04, 2020	205
Mar 05, 2020	315
Mar 06, 2020	342
Mar 07, 2020	406
Mar 08, 2020	500
Mar 09, 2020	599
Mar 10, 2020	773
Mar 11, 2020	1022
Mar 12, 2020	1357
Mar 13, 2020	1535
Mar 14, 2020	1746
Mar 15, 2020	2128
Mar 16, 2020	2531
Mar 17, 2020	3037
Mar 18, 2020	3606
Mar 19, 2020	4268
Mar 20, 2020	4677
Mar 21, 2020	5160
Mar 22, 2020	6347
Mar 23, 2020	7475
Mar 24, 2020	8581
Mar 25, 2020	9805
Mar 26, 2020	11125
Mar 27, 2020	11739
Mar 28, 2020	12091
Mar 29, 2020	13621
Mar 30, 2020	15092
Mar 31, 2020	16117
Apr 01, 2020	17150
Apr 02, 2020	18391
Apr 03, 2020	18827
Apr 04, 2020	18886
Apr 05, 2020	20449
Apr 06, 2020	21650
Apr 07, 2020	22579
Apr 08, 2020	24164
Apr 09, 2020	25895
Apr 10, 2020	26265
Apr 11, 2020	26098
Apr 12, 2020	26149
Apr 13, 2020	27278
Apr 14, 2020	28427
Apr 15, 2020	29391
Apr 16, 2020	30110
Apr 17, 2020	30121
Apr 18, 2020	29884
Apr 19, 2020	30719
Apr 20, 2020	31594
Apr 21, 2020	31672
Apr 22, 2020	32005
Apr 23, 2020	32235
Apr 24, 2020	32048
Apr 25, 2020	31640
Apr 26, 2020	32097
Apr 27, 2020	32391
Apr 28, 2020	32387
Apr 29, 2020	32471
Apr 30, 2020	32201
May 01, 2020	31987
May 02, 2020	31872
May 03, 2020	32318
May 04, 2020	32659
May 05, 2020	32769
May 06, 2020	32830
May 07, 2020	32368
May 08, 2020	31363
May 09, 2020	29884
May 10, 2020	28653
May 11, 2020	27690
May 12, 2020	26356
May 13, 2020	25671
May 14, 2020	25459
May 15, 2020	23118
May 16, 2020	21939
May 17, 2020	20878
May 18, 2020	20079
May 19, 2020	19116
May 20, 2020	17666
May 21, 2020	16924
May 22, 2020	16088
May 23, 2020	15250
May 24, 2020	14046
May 25, 2020	13220
May 26, 2020	12587
May 27, 2020	12190
May 28, 2020	11697
May 29, 2020	11228
May 30, 2020	10595
May 31, 2020	10122
Jun 01, 2020	9812
Jun 02, 2020	9571
Jun 03, 2020	9379
Jun 04, 2020	9285
Jun 05, 2020	9071
Jun 06, 2020	8469
Jun 07, 2020	8025
Jun 08, 2020	7572
Jun 09, 2020	7193
Jun 10, 2020	6911
Jun 11, 2020	6658
Jun 12, 2020	6493
Jun 13, 2020	6201
Jun 14, 2020	5984
Jun 15, 2020	5730
Jun 16, 2020	5558
Jun 17, 2020	5384
Jun 18, 2020	5268
Jun 19, 2020	5116
Jun 20, 2020	4879
Jun 21, 2020	4739
Jun 22, 2020	4554
Jun 23, 2020	4379
Jun 24, 2020	4201
Jun 25, 2020	4195
Jun 26, 2020	4096
Jun 27, 2020	3860
Jun 28, 2020	3779
Jun 29, 2020	3755
Jun 30, 2020	3690
Jul 01, 2020	3643
Jul 02, 2020	3637
Jul 03, 2020	3631
Jul 04, 2020	3570
Jul 05, 2020	3543
Jul 06, 2020	3471
Jul 07, 2020	3450
Jul 08, 2020	3452
Jul 09, 2020	3483
Jul 10, 2020	3412
Jul 11, 2020	3309
Jul 12, 2020	3425
Jul 13, 2020	3533
Jul 14, 2020	3680
Jul 15, 2020	3837
Jul 16, 2020	4058
Jul 17, 2020	4103
Jul 18, 2020	4063
Jul 19, 2020	4379
Jul 20, 2020	4447
Jul 21, 2020	5001
Jul 22, 2020	5438
Jul 23, 2020	5671
Jul 24, 2020	5809
Jul 25, 2020	5887
Jul 26, 2020	6381
Jul 27, 2020	6963
Jul 28, 2020	7582
Jul 29, 2020	8151
Jul 30, 2020	8770
Jul 31, 2020	8997
Aug 01, 2020	9054
Aug 02, 2020	9720
Aug 03, 2020	10425
Aug 04, 2020	11118
Aug 05, 2020	11784
Aug 06, 2020	12515
Aug 07, 2020	12756
Aug 08, 2020	12792
Aug 09, 2020	13519
Aug 10, 2020	14125
Aug 11, 2020	14603
Aug 12, 2020	15177
Aug 13, 2020	15696
Aug 14, 2020	15776
Aug 15, 2020	15746
Aug 16, 2020	16261
Aug 17, 2020	16727
Aug 18, 2020	17128
Aug 19, 2020	17522
Aug 20, 2020	17829
Aug 21, 2020	17858
Aug 22, 2020	17595
Aug 23, 2020	17977
Aug 24, 2020	18147
Aug 25, 2020	18143
Aug 26, 2020	18368
Aug 27, 2020	18571
Aug 28, 2020	18532
Aug 29, 2020	17975
Aug 30, 2020	17937
Aug 31, 2020	17756
Sep 01, 2020	17675
Sep 02, 2020	17902
Sep 03, 2020	18162
Sep 04, 2020	18148
Sep 05, 2020	17791
Sep 06, 2020	17850
Sep 07, 2020	17953
Sep 08, 2020	18359
Sep 09, 2020	18751
Sep 10, 2020	19569
Sep 11, 2020	19794
Sep 12, 2020	19456
Sep 13, 2020	20639
Sep 14, 2020	21344
Sep 15, 2020	22529
Sep 16, 2020	23825
Sep 17, 2020	25326
Sep 18, 2020	25855
Sep 19, 2020	25730
Sep 20, 2020	27239
Sep 21, 2020	28600
Sep 22, 2020	30120
Sep 23, 2020	31449
Sep 24, 2020	32917
Sep 25, 2020	33645
Sep 26, 2020	33620
Sep 27, 2020	35938
Sep 28, 2020	38497
Sep 29, 2020	41128
Sep 30, 2020	44119
Oct 01, 2020	47685
Oct 02, 2020	49165
Oct 03, 2020	49797
Oct 04, 2020	54466
Oct 05, 2020	59589
Oct 06, 2020	65825
Oct 07, 2020	71958
Oct 08, 2020	79511
Oct 09, 2020	83512
Oct 10, 2020	85385
Oct 11, 2020	94380
Oct 12, 2020	106180
Oct 13, 2020	117767
Oct 14, 2020	128794
Oct 15, 2020	141705
Oct 16, 2020	149382
Oct 17, 2020	152548
Oct 18, 2020	166291
Oct 19, 2020	184145
Oct 20, 2020	200568
Oct 21, 2020	216732
Oct 22, 2020	234523
Oct 23, 2020	244266
Oct 24, 2020	247517
Oct 25, 2020	265498
Oct 26, 2020	285460
Oct 27, 2020	301585
Oct 28, 2020	315340
Oct 29, 2020	329644
Oct 30, 2020	334280
Oct 31, 2020	335639
Nov 01, 2020	346915
Nov 02, 2020	355802
Nov 03, 2020	361606
Nov 04, 2020	366759
Nov 05, 2020	371445
Nov 06, 2020	372400
Nov 07, 2020	370273
Nov 08, 2020	373174
Nov 09, 2020	375400
Nov 10, 2020	369373
Nov 11, 2020	370659
Nov 12, 2020	372732
Nov 13, 2020	367661
Nov 14, 2020	360437
Nov 15, 2020	355789
Nov 16, 2020	350308
Nov 17, 2020	343011
Nov 18, 2020	336876
Nov 19, 2020	331722
Nov 20, 2020	323290
Nov 21, 2020	310618
Nov 22, 2020	297790
Nov 23, 2020	282966
Nov 24, 2020	267843
Nov 25, 2020	254643
Nov 26, 2020	244646
Nov 27, 2020	232048
Nov 28, 2020	211502
Nov 29, 2020	190839
Nov 30, 2020	173396
Dec 01, 2020	159025
Dec 02, 2020	149614
Dec 03, 2020	145809
Dec 04, 2020	140953
Dec 05, 2020	126626
Dec 06, 2020	118827
Dec 07, 2020	112763
Dec 08, 2020	109340
Dec 09, 2020	105391
Dec 10, 2020	105861
Dec 11, 2020	103145
Dec 12, 2020	95953
Dec 13, 2020	94773
Dec 14, 2020	93309
Dec 15, 2020	89786
Dec 16, 2020	87886
Dec 17, 2020	88695
Dec 18, 2020	87389
Dec 19, 2020	82812
Dec 20, 2020	81638
Dec 21, 2020	80801
Dec 22, 2020	79906
Dec 23, 2020	79775
Dec 24, 2020	79164
Dec 25, 2020	78362
Dec 26, 2020	75694
Dec 27, 2020	75742
Dec 28, 2020	74659
Dec 29, 2020	72980
Dec 30, 2020	72479
Dec 31, 2020	72189
Jan 01, 2021	71378
Jan 02, 2021	69056
Jan 03, 2021	69352
Jan 04, 2021	69385
Jan 05, 2021	69156
Jan 06, 2021	69151
Jan 07, 2021	70209
Jan 08, 2021	69520
Jan 09, 2021	67263
Jan 10, 2021	67335
Jan 11, 2021	66839
Jan 12, 2021	66062
Jan 13, 2021	65924
Jan 14, 2021	66920
Jan 15, 2021	65840
Jan 16, 2021	62908
Jan 17, 2021	62687
Jan 18, 2021	62171
Jan 19, 2021	61845
Jan 20, 2021	61973
Jan 21, 2021	63493
Jan 22, 2021	62637
Jan 23, 2021	60227
Jan 24, 2021	60932
Jan 25, 2021	61300
Jan 26, 2021	63001
Jan 27, 2021	64701
Jan 28, 2021	66789
Jan 29, 2021	66659
Jan 30, 2021	64657
Jan 31, 2021	65683
Feb 01, 2021	66483
Feb 02, 2021	67936
Feb 03, 2021	69451
Feb 04, 2021	70987
Feb 05, 2021	70384
Feb 06, 2021	67972
Feb 07, 2021	67613
Feb 08, 2021	67672
Feb 09, 2021	67785
Feb 10, 2021	68260
Feb 11, 2021	69297
Feb 12, 2021	68325
Feb 13, 2021	65980
Feb 14, 2021	66058
Feb 15, 2021	66212
Feb 16, 2021	66615
Feb 17, 2021	67539
Feb 18, 2021	69419
Feb 19, 2021	69488
Feb 20, 2021	67281
Feb 21, 2021	68042
Feb 22, 2021	68472
Feb 23, 2021	68620
Feb 24, 2021	69445
Feb 25, 2021	71057
Feb 26, 2021	70745
Feb 27, 2021	68435
Feb 28, 2021	68868
Mar 01, 2021	68942
Mar 02, 2021	68987
Mar 03, 2021	69363
Mar 04, 2021	70836
Mar 05, 2021	70490
Mar 06, 2021	68149
Mar 07, 2021	69378
Mar 08, 2021	70167
Mar 09, 2021	71118
Mar 10, 2021	72886
Mar 11, 2021	75759
Mar 12, 2021	76089
Mar 13, 2021	74849
Mar 14, 2021	77956
Mar 15, 2021	80436
Mar 16, 2021	83444
Mar 17, 2021	86968
Mar 18, 2021	91297
Mar 19, 2021	92421
Mar 20, 2021	91326
Mar 21, 2021	95203
Mar 22, 2021	97806
Mar 23, 2021	100726
Mar 24, 2021	104263
Mar 25, 2021	108880
Mar 26, 2021	109838
Mar 27, 2021	108421
Mar 28, 2021	111493
Mar 29, 2021	113924
Mar 30, 2021	115881
Mar 31, 2021	118495
Apr 01, 2021	122627
Apr 02, 2021	123272
Apr 03, 2021	121539
Apr 04, 2021	120477
Apr 05, 2021	122993
Apr 06, 2021	124937
Apr 07, 2021	127334
Apr 08, 2021	130736
Apr 09, 2021	130942
Apr 10, 2021	128808
Apr 11, 2021	130037
Apr 12, 2021	130709
Apr 13, 2021	130989
Apr 14, 2021	131854
Apr 15, 2021	134252
Apr 16, 2021	133402
Apr 17, 2021	129587
Apr 18, 2021	130365
Apr 19, 2021	129698
Apr 20, 2021	133749
Apr 21, 2021	128485
Apr 22, 2021	129905
Apr 23, 2021	131785
Apr 24, 2021	129383
Apr 25, 2021	127354
Apr 26, 2021	119476
Apr 27, 2021	117575
Apr 28, 2021	116236
Apr 29, 2021	117549
Apr 30, 2021	118841
May 01, 2021	110500
May 02, 2021	114798
May 03, 2021	108357
May 04, 2021	107064
May 05, 2021	107065
May 06, 2021	110308
May 07, 2021	108383
May 08, 2021	109206
May 09, 2021	109078
May 10, 2021	107216
May 11, 2021	109978
May 12, 2021	101526
May 13, 2021	104043
May 14, 2021	97190
May 15, 2021	97901
May 16, 2021	96761
May 17, 2021	99988
May 18, 2021	91454
May 19, 2021	93846
May 20, 2021	91652
May 21, 2021	93066
May 22, 2021	93820
May 23, 2021	86213
May 24, 2021	84645
May 25, 2021	79659
May 26, 2021	81854
May 27, 2021	79836
May 28, 2021	80936
May 29, 2021	81520
May 30, 2021	76695
May 31, 2021	74715
Jun 01, 2021	72608
Jun 02, 2021	68740
Jun 03, 2021	70073
Jun 04, 2021	69407
Jun 05, 2021	62959
Jun 06, 2021	64180
Jun 07, 2021	57985
Jun 08, 2021	58811
Jun 09, 2021	56222
Jun 10, 2021	54736
Jun 11, 2021	53854
Jun 12, 2021	54053
Jun 13, 2021	46222
Jun 14, 2021	45125
Jun 15, 2021	45539
Jun 16, 2021	45976
Jun 17, 2021	42593
Jun 18, 2021	41899
Jun 19, 2021	39345
Jun 20, 2021	37061
Jun 21, 2021	34077
Jun 22, 2021	34468
Jun 23, 2021	29388
Jun 24, 2021	29780
Jun 25, 2021	27347
Jun 26, 2021	26663
Jun 27, 2021	24357
Jun 28, 2021	22156
Jun 29, 2021	20132
Jun 30, 2021	18597
Jul 01, 2021	18522
Jul 02, 2021	19038
Jul 03, 2021	16052
Jul 04, 2021	16106
Jul 05, 2021	15954
Jul 06, 2021	16214
Jul 07, 2021	17436
Jul 08, 2021	16338
Jul 09, 2021	16870
Jul 10, 2021	15561
Jul 11, 2021	17321
Jul 12, 2021	18748
Jul 13, 2021	17786
Jul 14, 2021	19175
Jul 15, 2021	19939
Jul 16, 2021	21042
Jul 17, 2021	21875
Jul 18, 2021	24005
Jul 19, 2021	25959
Jul 20, 2021	26745
Jul 21, 2021	25827
Jul 22, 2021	27481
Jul 23, 2021	28016
Jul 24, 2021	27774
Jul 25, 2021	29884
Jul 26, 2021	31481
Jul 27, 2021	31003
Jul 28, 2021	32784
Jul 29, 2021	34578
Jul 30, 2021	35764
Jul 31, 2021	34990
Aug 01, 2021	37235
Aug 02, 2021	39180
Aug 03, 2021	41053
Aug 04, 2021	40333
Aug 05, 2021	42461
Aug 06, 2021	42332
Aug 07, 2021	43249
Aug 08, 2021	44765
Aug 09, 2021	44783
Aug 10, 2021	45461
Aug 11, 2021	47614
Aug 12, 2021	49885
Aug 13, 2021	47920
Aug 14, 2021	48683
Aug 15, 2021	49452
Aug 16, 2021	49587
Aug 17, 2021	49637
Aug 18, 2021	50517
Aug 19, 2021	51429
Aug 20, 2021	49919
Aug 21, 2021	50866
Aug 22, 2021	51871
Aug 23, 2021	52584
Aug 24, 2021	53576
Aug 25, 2021	55759
Aug 26, 2021	53761
Aug 27, 2021	55125
Aug 28, 2021	54632
Aug 29, 2021	55466
Aug 30, 2021	55767
Aug 31, 2021	55069
Sep 01, 2021	55645
Sep 02, 2021	56438
Sep 03, 2021	57669
Sep 04, 2021	56669
Sep 05, 2021	57728
Sep 06, 2021	58461
Sep 07, 2021	58497
Sep 08, 2021	58664
Sep 09, 2021	59112
Sep 10, 2021	58771
Sep 11, 2021	57791
Sep 12, 2021	58504
Sep 13, 2021	58282
Sep 14, 2021	59033
Sep 15, 2021	59674
Sep 16, 2021	60292
Sep 17, 2021	60133
Sep 18, 2021	56305
Sep 19, 2021	57211
Sep 20, 2021	57808
Sep 21, 2021	57709
Sep 22, 2021	59782
Sep 23, 2021	58780
Sep 24, 2021	59986
Sep 25, 2021	59105
Sep 26, 2021	60162
Sep 27, 2021	59628
Sep 28, 2021	58585
Sep 29, 2021	59353
Sep 30, 2021	59865
Oct 01, 2021	59164
Oct 02, 2021	55143
Oct 03, 2021	56464
Oct 04, 2021	57287
Oct 05, 2021	58253
Oct 06, 2021	57306
Oct 07, 2021	59846
Oct 08, 2021	60105
Oct 09, 2021	56531
Oct 10, 2021	58640
Oct 11, 2021	60018
Oct 12, 2021	61312
Oct 13, 2021	65189
Oct 14, 2021	68044
Oct 15, 2021	68614
Oct 16, 2021	68374
Oct 17, 2021	72162
Oct 18, 2021	75636
Oct 19, 2021	80101
Oct 20, 2021	85065
Oct 21, 2021	90780
Oct 22, 2021	93178
Oct 23, 2021	93841
Oct 24, 2021	101267
Oct 25, 2021	108434
Oct 26, 2021	115098
Oct 27, 2021	122631
Oct 28, 2021	130781
Oct 29, 2021	133947
Oct 30, 2021	135146
Oct 31, 2021	136246
Nov 01, 2021	145390
Nov 02, 2021	153804
Nov 03, 2021	161267
Nov 04, 2021	170908
Nov 05, 2021	175559
Nov 06, 2021	177028
Nov 07, 2021	192264
Nov 08, 2021	205255
Nov 09, 2021	217994
Nov 10, 2021	216278
Nov 11, 2021	228432
Nov 12, 2021	234884
Nov 13, 2021	237890
Nov 14, 2021	255153
Nov 15, 2021	269299
Nov 16, 2021	284418
Nov 17, 2021	299940
Nov 18, 2021	316569
Nov 19, 2021	324272
Nov 20, 2021	327162
Nov 21, 2021	346968
Nov 22, 2021	362429
Nov 23, 2021	376388
Nov 24, 2021	389653
Nov 25, 2021	404963
Nov 26, 2021	410707
Nov 27, 2021	412043
Nov 28, 2021	428135
Nov 29, 2021	439439
Nov 30, 2021	451028
Dec 01, 2021	462207
Dec 02, 2021	474918
Dec 03, 2021	478888
Dec 04, 2021	478112
Dec 05, 2021	488854
Dec 06, 2021	494115
Dec 07, 2021	500457
Dec 08, 2021	505799
Dec 09, 2021	511169
Dec 10, 2021	509860
Dec 11, 2021	503649
Dec 12, 2021	505580
Dec 13, 2021	503252
Dec 14, 2021	501586
Dec 15, 2021	500594
Dec 16, 2021	496456
Dec 17, 2021	491809
Dec 18, 2021	485053
Dec 19, 2021	470786
Dec 20, 2021	458774
Dec 21, 2021	436812
Dec 22, 2021	432192
Dec 23, 2021	432988
Dec 24, 2021	427236
Dec 25, 2021	412983
Dec 26, 2021	404246
Dec 27, 2021	498731
Dec 28, 2021	394915
Dec 29, 2021	393680
Dec 30, 2021	390427
Dec 31, 2021	379570
Jan 01, 2022	372114
Jan 02, 2022	379159
Jan 03, 2022	385469
Jan 04, 2022	392495
Jan 05, 2022	400910
Jan 06, 2022	412450
Jan 07, 2022	413988
Jan 08, 2022	414352
Jan 09, 2022	431300
Jan 10, 2022	446669
Jan 11, 2022	465059
Jan 12, 2022	486769
Jan 13, 2022	507472
Jan 14, 2022	509863
Jan 15, 2022	524876
Jan 16, 2022	575816
Jan 17, 2022	626563
Jan 18, 2022	677952
Jan 19, 2022	731847
Jan 20, 2022	780701
Jan 21, 2022	807351
Jan 22, 2022	821993
Jan 23, 2022	894900
Jan 24, 2022	953095
Jan 25, 2022	997420
Jan 26, 2022	1038607
Jan 27, 2022	1077365
Jan 28, 2022	1098401
Jan 29, 2022	1101677
Jan 30, 2022	1138847
Jan 31, 2022	1161785
Feb 01, 2022	1177000
Feb 02, 2022	1192728
Feb 03, 2022	1205860
Feb 04, 2022	1210033
Feb 05, 2022	1198712
Feb 06, 2022	1198420
Feb 07, 2022	1190577
Feb 08, 2022	1182699
Feb 09, 2022	1175292
Feb 10, 2022	1172306
Feb 11, 2022	1161176
Feb 12, 2022	1144729
Feb 13, 2022	1121975
Feb 14, 2022	1101638
Feb 15, 2022	1080574
Feb 16, 2022	1063151
Feb 17, 2022	1047280
Feb 18, 2022	1028908
Feb 19, 2022	994431
Feb 20, 2022	951572
Feb 21, 2022	892113
Feb 22, 2022	845237
Feb 23, 2022	799995
Feb 24, 2022	766231
Feb 25, 2022	727784
Feb 26, 2022	682641
Feb 27, 2022	629752
Feb 28, 2022	568362
Mar 01, 2022	527743
Mar 02, 2022	496577
Mar 03, 2022	442602
Mar 04, 2022	417827
Mar 05, 2022	421374
Mar 06, 2022	388332
Mar 07, 2022	359456
Mar 08, 2022	340538
Mar 09, 2022	329389
Mar 10, 2022	309068
Mar 11, 2022	295161
Mar 12, 2022	276835
Mar 13, 2022	292806
Mar 14, 2022	285682
Mar 15, 2022	271378
Mar 16, 2022	275019
Mar 17, 2022	277887
Mar 18, 2022	270878
Mar 19, 2022	262292
Mar 20, 2022	280461
Mar 21, 2022	282596
Mar 22, 2022	279086
Mar 23, 2022	287152
Mar 24, 2022	292381
Mar 25, 2022	289951
Mar 26, 2022	285168
Mar 27, 2022	303242
Mar 28, 2022	307710
Mar 29, 2022	308204
Mar 30, 2022	319317
Mar 31, 2022	322918
Apr 01, 2022	319044
Apr 02, 2022	322210
Apr 03, 2022	329159
Apr 04, 2022	333016
Apr 05, 2022	337279
Apr 06, 2022	340586
Apr 07, 2022	343933
Apr 08, 2022	344828
Apr 09, 2022	339962
Apr 10, 2022	341670
Apr 11, 2022	341431
Apr 12, 2022	331752
Apr 13, 2022	340020
Apr 14, 2022	340888
Apr 15, 2022	329400
Apr 16, 2022	331834
Apr 17, 2022	321053
Apr 18, 2022	320413
Apr 19, 2022	317013
Apr 20, 2022	317230
Apr 21, 2022	316066
Apr 22, 2022	298820
Apr 23, 2022	300572
Apr 24, 2022	292874
Apr 25, 2022	285439
Apr 26, 2022	270782
Apr 27, 2022	275706
Apr 28, 2022	271156
Apr 29, 2022	253971
Apr 30, 2022	255230
May 01, 2022	246546
May 02, 2022	236678
May 03, 2022	221752
May 04, 2022	226749
May 05, 2022	220874
May 06, 2022	211998
May 07, 2022	190081
May 08, 2022	196734
May 09, 2022	194436
May 10, 2022	186288
May 11, 2022	190014
May 12, 2022	184695
May 13, 2022	163256
May 14, 2022	164022
May 15, 2022	162207
May 16, 2022	158764
May 17, 2022	147602
May 18, 2022	149837
May 19, 2022	146766
May 20, 2022	135348
May 21, 2022	135858
May 22, 2022	133782
May 23, 2022	128767
May 24, 2022	119451
May 25, 2022	119908
May 26, 2022	118779
May 27, 2022	105350
May 28, 2022	105799
May 29, 2022	102394
May 30, 2022	100525
May 31, 2022	95456
Jun 01, 2022	97212
Jun 02, 2022	94737
Jun 03, 2022	83032
Jun 04, 2022	83701
Jun 05, 2022	80101
Jun 06, 2022	79120
Jun 07, 2022	77890
Jun 08, 2022	74813
Jun 09, 2022	77224
Jun 10, 2022	68963
Jun 11, 2022	69654
Jun 12, 2022	69213
Jun 13, 2022	70014
Jun 14, 2022	67837
Jun 15, 2022	70971
Jun 16, 2022	71650
Jun 17, 2022	68374
Jun 18, 2022	69359
Jun 19, 2022	72850
Jun 20, 2022	75140
Jun 21, 2022	75415
Jun 22, 2022	80261
Jun 23, 2022	82491
Jun 24, 2022	82097
Jun 25, 2022	83495
Jun 26, 2022	90486
Jun 27, 2022	95915
Jun 28, 2022	100408
Jun 29, 2022	107090
Jun 30, 2022	112450
Jul 01, 2022	111539
Jul 02, 2022	113505
Jul 03, 2022	123562
Jul 04, 2022	132164
Jul 05, 2022	139465
Jul 06, 2022	148590
Jul 07, 2022	155549
Jul 08, 2022	155853
Jul 09, 2022	158044
Jul 10, 2022	167667
Jul 11, 2022	175075
Jul 12, 2022	179918
Jul 13, 2022	187063
Jul 14, 2022	191871
Jul 15, 2022	187847
Jul 16, 2022	189335
Jul 17, 2022	193857
Jul 18, 2022	196945
Jul 19, 2022	197452
Jul 20, 2022	198840
Jul 21, 2022	202216
Jul 22, 2022	195163
Jul 23, 2022	196521
Jul 24, 2022	199013
Jul 25, 2022	200583
Jul 26, 2022	198243
Jul 27, 2022	202176
Jul 28, 2022	202341
Jul 29, 2022	190191
Jul 30, 2022	191273
Jul 31, 2022	189796
Aug 01, 2022	188588
Aug 02, 2022	182177
Aug 03, 2022	184993
Aug 04, 2022	182735
Aug 05, 2022	164165
Aug 06, 2022	164871
Aug 07, 2022	158715
Aug 08, 2022	155118
Aug 09, 2022	144976
Aug 10, 2022	147340
Aug 11, 2022	143073
Aug 12, 2022	124837
Aug 13, 2022	125490
Aug 14, 2022	116567
Aug 15, 2022	115109
Aug 16, 2022	112631
Aug 17, 2022	109739
Aug 18, 2022	102376
Aug 19, 2022	99003
Aug 20, 2022	99511
Aug 21, 2022	98018
Aug 22, 2022	95672
Aug 23, 2022	89051
Aug 24, 2022	90677
Aug 25, 2022	87976
Aug 26, 2022	77974
Aug 27, 2022	78466
Aug 28, 2022	75460
Aug 29, 2022	74560
Aug 30, 2022	70860
Aug 31, 2022	72531
Sep 01, 2022	71424
Sep 02, 2022	64133
Sep 03, 2022	64585
Sep 04, 2022	60669
Sep 05, 2022	59835
Sep 06, 2022	57989
Sep 07, 2022	59864
Sep 08, 2022	60861
Sep 09, 2022	56615
Sep 10, 2022	57077
Sep 11, 2022	57728
Sep 12, 2022	57817
Sep 13, 2022	56426
Sep 14, 2022	58502
Sep 15, 2022	59021
Sep 16, 2022	57170
Sep 17, 2022	57696
Sep 18, 2022	59961
Sep 19, 2022	61350
Sep 20, 2022	61360
Sep 21, 2022	64058
Sep 22, 2022	65134
Sep 23, 2022	62252
Sep 24, 2022	62920
Sep 25, 2022	65693
Sep 26, 2022	68094
Sep 27, 2022	69249
Sep 28, 2022	72643
Sep 29, 2022	74448
Sep 30, 2022	72057
Oct 01, 2022	72833
Oct 02, 2022	76234
Oct 03, 2022	79360
Oct 04, 2022	80958
Oct 05, 2022	84381
Oct 06, 2022	86061
Oct 07, 2022	84807
Oct 08, 2022	85510
Oct 09, 2022	88969
Oct 10, 2022	90844
Oct 11, 2022	90440
Oct 12, 2022	93423
Oct 13, 2022	94399
Oct 14, 2022	92974
Oct 15, 2022	91027
Oct 16, 2022	92435
Oct 17, 2022	93487
Oct 18, 2022	92728
Oct 19, 2022	94542
Oct 20, 2022	94721
Oct 21, 2022	89612
Oct 22, 2022	90036
Oct 23, 2022	89398
Oct 24, 2022	89070
Oct 25, 2022	86757
Oct 26, 2022	87933
Oct 27, 2022	87026
Oct 28, 2022	78749
Oct 29, 2022	78987
Oct 30, 2022	76610
Oct 31, 2022	73466
Nov 01, 2022	71697
Nov 02, 2022	71016
Nov 03, 2022	71062
Nov 04, 2022	61916
Nov 05, 2022	62223
Nov 06, 2022	60632
Nov 07, 2022	59211
Nov 08, 2022	55355
Nov 09, 2022	56085
Nov 10, 2022	53954
Nov 11, 2022	46937
Nov 12, 2022	47149
Nov 13, 2022	44616
Nov 14, 2022	43599
Nov 15, 2022	40621
Nov 16, 2022	41501
Nov 17, 2022	40398
Nov 18, 2022	35410
Nov 19, 2022	35628
Nov 20, 2022	34373
Nov 21, 2022	34307
Nov 22, 2022	33063
Nov 23, 2022	34237
Nov 24, 2022	34096
Nov 25, 2022	31321
Nov 26, 2022	31611
Nov 27, 2022	31909
Nov 28, 2022	32636
Nov 29, 2022	32614
Nov 30, 2022	33945
Dec 01, 2022	34433
Dec 02, 2022	33526
Dec 03, 2022	33840
Dec 04, 2022	35207
Dec 05, 2022	36405
Dec 06, 2022	36955
Dec 07, 2022	38587
Dec 08, 2022	39551
Dec 09, 2022	38146
Dec 10, 2022	38583
Dec 11, 2022	40020
Dec 12, 2022	41439
Dec 13, 2022	42398
Dec 14, 2022	44009
Dec 15, 2022	45132
Dec 16, 2022	43918
Dec 17, 2022	44367
Dec 18, 2022	45539
Dec 19, 2022	46699
Dec 20, 2022	47341
Dec 21, 2022	48967
Dec 22, 2022	49690
Dec 23, 2022	47773
Dec 24, 2022	48138
Dec 25, 2022	48293
Dec 26, 2022	48757
Dec 27, 2022	48936
Dec 28, 2022	49172
Dec 29, 2022	49285
Dec 30, 2022	48632
Dec 31, 2022	47758
Jan 01, 2023	47841
Jan 02, 2023	47404
Jan 03, 2023	46873
Jan 04, 2023	46286
Jan 05, 2023	45670
Jan 06, 2023	43525
Jan 07, 2023	43851
Jan 08, 2023	43478
Jan 09, 2023	42348
Jan 10, 2023	41242
Jan 11, 2023	40043
Jan 12, 2023	38847
Jan 13, 2023	36471
Jan 14, 2023	36699
Jan 15, 2023	35985
Jan 16, 2023	34898
Jan 17, 2023	33734
Jan 18, 2023	32544
Jan 19, 2023	31316
Jan 20, 2023	30214
Jan 21, 2023	29121
Jan 22, 2023	28528
Jan 23, 2023	28060
Jan 24, 2023	27587
Jan 25, 2023	27178
Jan 26, 2023	26735
Jan 27, 2023	24992
Jan 28, 2023	25218
Jan 29, 2023	25322
Jan 30, 2023	25105
Jan 31, 2023	24983
Feb 01, 2023	24810
Feb 02, 2023	24577
Feb 03, 2023	23930
Feb 04, 2023	23174
Feb 05, 2023	23683
Feb 06, 2023	24159
Feb 07, 2023	24600
Feb 08, 2023	25121
Feb 09, 2023	25543
Feb 10, 2023	24867
Feb 11, 2023	25237
Feb 12, 2023	26756
Feb 13, 2023	27859
Feb 14, 2023	28963
Feb 15, 2023	30055
Feb 16, 2023	31077
Feb 17, 2023	31267
Feb 18, 2023	30868
Feb 19, 2023	33243
Feb 20, 2023	34610
Feb 21, 2023	35861
Feb 22, 2023	37054
Feb 23, 2023	38140
Feb 24, 2023	38023
Feb 25, 2023	38486
Feb 26, 2023	40736
Feb 27, 2023	42039
Feb 28, 2023	43232
Mar 01, 2023	44457
Mar 02, 2023	45579
Mar 03, 2023	45128
Mar 04, 2023	45685
Mar 05, 2023	48181
Mar 06, 2023	49669
Mar 07, 2023	50911
Mar 08, 2023	52154
Mar 09, 2023	53240
Mar 10, 2023	52338
Mar 11, 2023	52835
Mar 12, 2023	55005
Mar 13, 2023	56130
Mar 14, 2023	56965
Mar 15, 2023	57711
Mar 16, 2023	58223
Mar 17, 2023	56795
Mar 18, 2023	57248
Mar 19, 2023	58638
Mar 20, 2023	59121
Mar 21, 2023	59324
Mar 22, 2023	59561
Mar 23, 2023	59605
Mar 24, 2023	57436
Mar 25, 2023	57892
Mar 26, 2023	58250
Mar 27, 2023	58091
Mar 28, 2023	57823
Mar 29, 2023	57414
Mar 30, 2023	56930
Mar 31, 2023	54422
Apr 01, 2023	54744
Apr 02, 2023	54528
Apr 03, 2023	53769
Apr 04, 2023	52915
Apr 05, 2023	51982
Apr 06, 2023	51038
Apr 07, 2023	48029
Apr 08, 2023	48306
Apr 09, 2023	46892
Apr 10, 2023	45255
Apr 11, 2023	43454
Apr 12, 2023	41465
Apr 13, 2023	39441
Apr 14, 2023	37109
Apr 15, 2023	32137
Apr 16, 2023	32978
Apr 17, 2023	32021
Apr 18, 2023	31072
Apr 19, 2023	30084
Apr 20, 2023	29038
Apr 21, 2023	26281
Apr 22, 2023	26431
Apr 23, 2023	25561
Apr 24, 2023	24747
Apr 25, 2023	23860
Apr 26, 2023	22897
Apr 27, 2023	21892
Apr 28, 2023	19441
Apr 29, 2023	19625
Apr 30, 2023	18459
May 01, 2023	18012
May 02, 2023	17471
May 03, 2023	16868
May 04, 2023	16281
May 05, 2023	14689
May 06, 2023	14822
May 07, 2023	14272
May 08, 2023	13980
May 09, 2023	13606
May 10, 2023	13201
May 11, 2023	12808
May 12, 2023	11758
May 13, 2023	11863
May 14, 2023	11533
May 15, 2023	11196
May 16, 2023	10836
May 17, 2023	10357
May 18, 2023	9944
May 19, 2023	8957
May 20, 2023	9028
May 21, 2023	8722
May 22, 2023	8448
May 23, 2023	8179
May 24, 2023	7885
May 25, 2023	7556
May 26, 2023	6811
May 27, 2023	6884
May 28, 2023	6524
May 29, 2023	6407
May 30, 2023	6266
May 31, 2023	6109
Jun 01, 2023	5941
Jun 02, 2023	5517
Jun 03, 2023	5567
Jun 04, 2023	5459
Jun 05, 2023	5245
Jun 06, 2023	5039
Jun 07, 2023	4827
Jun 08, 2023	4609
Jun 09, 2023	4056
Jun 10, 2023	4108
Jun 11, 2023	3888
Jun 12, 2023	3959
Jun 13, 2023	4005
Jun 14, 2023	4039
Jun 15, 2023	4078
Jun 16, 2023	4100
Jun 17, 2023	4120
Jun 18, 2023	3236
Jun 19, 2023	3279
Jun 20, 2023	3313
Jun 21, 2023	3347
Jun 22, 2023	3377
Jun 23, 2023	3389
Jun 24, 2023	3407
Jun 25, 2023	2380
Jun 26, 2023	2418
Jun 27, 2023	2454
Jun 28, 2023	2469
Jun 29, 2023	2495
Jun 30, 2023	2515
Jul 01, 2023	2527
Jul 02, 2023	1894
Jul 03, 2023	1927
Jul 04, 2023	1953
Jul 05, 2023	1979
Jul 06, 2023	2002
Jul 07, 2023	1470
Jul 08, 2023	1493
Jul 09, 2023	1535
Jul 10, 2023	1572
Jul 11, 2023	1611
Jul 12, 2023	1649
Jul 13, 2023	1678
Jul 14, 2023	1250
Jul 15, 2023	1267
Jul 16, 2023	1296
Jul 17, 2023	1329
Jul 18, 2023	1383
Jul 19, 2023	1412
Jul 20, 2023	1424
Jul 21, 2023	1450
Jul 22, 2023	712
Jul 23, 2023	771
Jul 24, 2023	818
Jul 25, 2023	870
Jul 26, 2023	930
Jul 27, 2023	990
Jul 28, 2023	816
Jul 29, 2023	843
Jul 30, 2023	948
Jul 31, 2023	1013
Aug 01, 2023	1104
Aug 02, 2023	1198
Aug 03, 2023	1302
Aug 04, 2023	1186
Aug 05, 2023	1242
Aug 06, 2023	1398
Aug 07, 2023	1548
Aug 08, 2023	1680
Aug 09, 2023	1829
Aug 10, 2023	1955
Aug 11, 2023	1847
Aug 12, 2023	1928
Aug 13, 2023	2143
Aug 14, 2023	2238
Aug 15, 2023	2523
Aug 16, 2023	2754
Aug 17, 2023	2983
Aug 18, 2023	2870
Aug 19, 2023	2975
Aug 20, 2023	3308
Aug 21, 2023	3592
Aug 22, 2023	3859
Aug 23, 2023	4122
Aug 24, 2023	4395
Aug 25, 2023	4342
Aug 26, 2023	4490
Aug 27, 2023	4897
Aug 28, 2023	5229
Aug 29, 2023	5580
Aug 30, 2023	5891
Aug 31, 2023	6204
Sep 01, 2023	6412
Sep 02, 2023	6238
Sep 03, 2023	6846
Sep 04, 2023	7317
Sep 05, 2023	7735
Sep 06, 2023	8168
Sep 07, 2023	8574
Sep 08, 2023	8771
Sep 09, 2023	8373
Sep 10, 2023	8909
Sep 11, 2023	9414
Sep 12, 2023	9790
Sep 13, 2023	10174
Sep 14, 2023	10520
Sep 15, 2023	9679
Sep 16, 2023	9860
Sep 17, 2023	10360
Sep 18, 2023	10762
Sep 19, 2023	11155
Sep 20, 2023	11515
Sep 21, 2023	11837
Sep 22, 2023	11985
Sep 23, 2023	10925
Sep 24, 2023	11427
Sep 25, 2023	11839
Sep 26, 2023	12218
Sep 27, 2023	12618
Sep 28, 2023	12987
Sep 29, 2023	13168
Sep 30, 2023	11566
Oct 01, 2023	12036
Oct 02, 2023	12441
Oct 03, 2023	12802
Oct 04, 2023	13128
Oct 05, 2023	11231
Oct 06, 2023	11391
Oct 07, 2023	11592
Oct 08, 2023	12019
Oct 09, 2023	12378
Oct 10, 2023	12694
Oct 11, 2023	12990
Oct 12, 2023	13279
Oct 13, 2023	10724
Oct 14, 2023	10842
Oct 15, 2023	11173
Oct 16, 2023	11450
Oct 17, 2023	11744
Oct 18, 2023	12029
Oct 19, 2023	12353
Oct 20, 2023	10018
Oct 21, 2023	10175
Oct 22, 2023	10540
Oct 23, 2023	10811
Oct 24, 2023	11057
Oct 25, 2023	11346
Oct 26, 2023	11592
Oct 27, 2023	9441
Oct 28, 2023	9568
Oct 29, 2023	9840
Oct 30, 2023	10080
Oct 31, 2023	10211
Nov 01, 2023	10455
Nov 02, 2023	10673
Nov 03, 2023	8439
Nov 04, 2023	8569
Nov 05, 2023	8875
Nov 06, 2023	9092
Nov 07, 2023	9317
Nov 08, 2023	9517
Nov 09, 2023	7480
Nov 10, 2023	7597
Nov 11, 2023	7702
Nov 12, 2023	7985
Nov 13, 2023	8244
Nov 14, 2023	8470
Nov 15, 2023	8666
Nov 16, 2023	7058
Nov 17, 2023	7187
Nov 18, 2023	7302
Nov 19, 2023	7621
Nov 20, 2023	7905
Nov 21, 2023	8161
Nov 22, 2023	8458
Nov 23, 2023	8701
Nov 24, 2023	6947
Nov 25, 2023	7086
Nov 26, 2023	7528
Nov 27, 2023	7869
Nov 28, 2023	8197
Nov 29, 2023	8503
Nov 30, 2023	7156
Dec 01, 2023	7396
Dec 02, 2023	7607
Dec 03, 2023	8114
Dec 04, 2023	8661
Dec 05, 2023	9191
Dec 06, 2023	9652
Dec 07, 2023	10205
Dec 08, 2023	9245
Dec 09, 2023	9579
Dec 10, 2023	10453
Dec 11, 2023	11195
Dec 12, 2023	11866
Dec 13, 2023	12439
Dec 14, 2023	12983
Dec 15, 2023	11924
Dec 16, 2023	12234
Dec 17, 2023	12914
Dec 18, 2023	13517
Dec 19, 2023	14125
Dec 20, 2023	14771
Dec 21, 2023	15345
Dec 22, 2023	14411
Dec 23, 2023	14724
Dec 24, 2023	15059
Dec 25, 2023	15620
Dec 26, 2023	16185
Dec 27, 2023	16708
Dec 28, 2023	15469
Dec 29, 2023	15803
Dec 30, 2023	16036
Dec 31, 2023	16285
Jan 01, 2024	16764
Jan 02, 2024	17181
Jan 03, 2024	17558
Jan 04, 2024	15650
Jan 05, 2024	15831
Jan 06, 2024	16011
Jan 07, 2024	16347
Jan 08, 2024	16574
Jan 09, 2024	16837
Jan 10, 2024	17094
Jan 11, 2024	15674
Jan 12, 2024	15843
Jan 13, 2024	16019
Jan 14, 2024	16352
Jan 15, 2024	16679
Jan 16, 2024	16940
Jan 17, 2024	17195
Jan 18, 2024	10893
Jan 19, 2024	11029
Jan 20, 2024	10589
Jan 21, 2024	10278
Jan 22, 2024	9961
Jan 23, 2024	9868
Jan 24, 2024	9798
Jan 25, 2024	9169
Jan 26, 2024	9311
Jan 27, 2024	8886
Jan 28, 2024	8651
Jan 29, 2024	8338
Jan 30, 2024	8189
Jan 31, 2024	8146
Feb 01, 2024	7614
Feb 02, 2024	7722
Feb 03, 2024	7415
Feb 04, 2024	7247
Feb 05, 2024	7067
Feb 06, 2024	7053
Feb 07, 2024	7023
Feb 08, 2024	6586
Feb 09, 2024	6676
Feb 10, 2024	6490
Feb 11, 2024	6365
Feb 12, 2024	6239
Feb 13, 2024	6185
Feb 14, 2024	6105
Feb 15, 2024	5544
Feb 16, 2024	5598
Feb 17, 2024	5411
Feb 18, 2024	5224
Feb 19, 2024	4979
Feb 20, 2024	4843
Feb 21, 2024	4675
Feb 22, 2024	4340
Feb 23, 2024	3831
Feb 24, 2024	3580
Feb 25, 2024	3314
Feb 26, 2024	3172
