Feb 15, 2020	0
Feb 16, 2020	0
Feb 17, 2020	0
Feb 18, 2020	0
Feb 19, 2020	0
Feb 20, 2020	0
Feb 21, 2020	0
Feb 22, 2020	0
Feb 23, 2020	0
Feb 24, 2020	0
Feb 25, 2020	2
Feb 26, 2020	4
Feb 27, 2020	19
Feb 28, 2020	18
Feb 29, 2020	39
Mar 01, 2020	27
Mar 02, 2020	56
Mar 03, 2020	20
Mar 04, 2020	67
Mar 05, 2020	126
Mar 06, 2020	209
Mar 07, 2020	269
Mar 08, 2020	236
Mar 09, 2020	185
Mar 10, 2020	338
Mar 11, 2020	452
Mar 12, 2020	540
Mar 13, 2020	714
Mar 14, 2020	761
Mar 15, 2020	840
Mar 16, 2020	1100
Mar 17, 2020	997
Mar 18, 2020	1277
Mar 19, 2020	1691
Mar 20, 2020	1469
Mar 21, 2020	1678
Mar 22, 2020	1417
Mar 23, 2020	3488
Mar 24, 2020	2224
Mar 25, 2020	2662
Mar 26, 2020	3564
Mar 27, 2020	3462
Mar 28, 2020	4191
Mar 29, 2020	2362
Mar 30, 2020	3977
Mar 31, 2020	6887
Apr 01, 2020	4418
Apr 02, 2020	1923
Apr 03, 2020	4755
Apr 04, 2020	3877
Apr 05, 2020	1703
Apr 06, 2020	3555
Apr 07, 2020	3432
Apr 08, 2020	3526
Apr 09, 2020	3895
Apr 10, 2020	3946
Apr 11, 2020	2829
Apr 12, 2020	1466
Apr 13, 2020	2428
Apr 14, 2020	4996
Apr 15, 2020	2393
Apr 16, 2020	2400
Apr 17, 2020	368
Apr 18, 2020	2335
Apr 19, 2020	714
Apr 20, 2020	1864
Apr 21, 2020	2423
Apr 22, 2020	1661
Apr 23, 2020	1502
Apr 24, 2020	1611
Apr 25, 2020	1397
Apr 26, 2020	419
Apr 27, 2020	3420
Apr 28, 2020	1381
Apr 29, 2020	1675
Apr 30, 2020	1061
May 01, 2020	563
May 02, 2020	740
May 03, 2020	287
May 04, 2020	537
May 05, 2020	1029
May 06, 2020	3898
May 07, 2020	586
May 08, 2020	598
May 09, 2020	403
May 10, 2020	195
May 11, 2020	425
May 12, 2020	659
May 13, 2020	473
May 14, 2020	580
May 15, 2020	524
May 16, 2020	347
May 17, 2020	112
May 18, 2020	459
May 19, 2020	489
May 20, 2020	389
May 21, 2020	296
May 22, 2020	366
May 23, 2020	233
May 24, 2020	107
May 25, 2020	334
May 26, 2020	257
May 27, 2020	178
May 28, 2020	3098
May 29, 2020	556
May 30, 2020	1703
May 31, 2020	239
Jun 01, 2020	315
Jun 02, 2020	283
Jun 03, 2020	330
Jun 04, 2020	720
Jun 05, 2020	573
Jun 06, 2020	543
Jun 07, 2020	322
Jun 08, 2020	198
Jun 09, 2020	378
Jun 10, 2020	511
Jun 11, 2020	399
Jun 12, 2020	681
Jun 13, 2020	494
Jun 14, 2020	382
Jun 15, 2020	143
Jun 16, 2020	323
Jun 17, 2020	430
Jun 18, 2020	438
Jun 19, 2020	761
Jun 20, 2020	602
Jun 21, 2020	267
Jun 22, 2020	350
Jun 23, 2020	485
Jun 24, 2020	76
Jun 25, 2020	0
Jun 26, 2020	1490
Jun 27, 2020	490
Jun 28, 2020	490
Jun 29, 2020	263
Jun 30, 2020	508
Jul 01, 2020	861
Jul 02, 2020	618
Jul 03, 2020	546
Jul 04, 2020	526
Jul 05, 2020	600
Jul 06, 2020	165
Jul 07, 2020	446
Jul 08, 2020	622
Jul 09, 2020	583
Jul 10, 2020	617
Jul 11, 2020	628
Jul 12, 2020	627
Jul 13, 2020	270
Jul 14, 2020	480
Jul 15, 2020	390
Jul 16, 2020	501
Jul 17, 2020	785
Jul 18, 2020	812
Jul 19, 2020	812
Jul 20, 2020	328
Jul 21, 2020	548
Jul 22, 2020	937
Jul 23, 2020	997
Jul 24, 2020	1060
Jul 25, 2020	956
Jul 26, 2020	955
Jul 27, 2020	482
Jul 28, 2020	680
Jul 29, 2020	1306
Jul 30, 2020	1292
Jul 31, 2020	1263
Aug 01, 2020	0
Aug 02, 2020	2646
Aug 03, 2020	522
Aug 04, 2020	975
Aug 05, 2020	1591
Aug 06, 2020	1505
Aug 07, 2020	2147
Aug 08, 2020	1910
Aug 09, 2020	1909
Aug 10, 2020	737
Aug 11, 2020	1311
Aug 12, 2020	2369
Aug 13, 2020	2505
Aug 14, 2020	2671
Aug 15, 2020	3106
Aug 16, 2020	2829
Aug 17, 2020	463
Aug 18, 2020	2100
Aug 19, 2020	3544
Aug 20, 2020	4477
Aug 21, 2020	4304
Aug 22, 2020	3380
Aug 23, 2020	4596
Aug 24, 2020	1835
Aug 25, 2020	3101
Aug 26, 2020	5095
Aug 27, 2020	5735
Aug 28, 2020	6925
Aug 29, 2020	5117
Aug 30, 2020	5080
Aug 31, 2020	2892
Sep 01, 2020	4675
Sep 02, 2020	6585
Sep 03, 2020	6716
Sep 04, 2020	8423
Sep 05, 2020	8024
Sep 06, 2020	6636
Sep 07, 2020	3944
Sep 08, 2020	6141
Sep 09, 2020	8049
Sep 10, 2020	9237
Sep 11, 2020	8827
Sep 12, 2020	9911
Sep 13, 2020	6741
Sep 14, 2020	5779
Sep 15, 2020	7369
Sep 16, 2020	9182
Sep 17, 2020	9941
Sep 18, 2020	12402
Sep 19, 2020	12667
Sep 20, 2020	9918
Sep 21, 2020	4972
Sep 22, 2020	9392
Sep 23, 2020	12267
Sep 24, 2020	15105
Sep 25, 2020	14825
Sep 26, 2020	13525
Sep 27, 2020	10438
Sep 28, 2020	3819
Sep 29, 2020	7555
Sep 30, 2020	12054
Oct 01, 2020	13110
Oct 02, 2020	11400
Oct 03, 2020	15927
Oct 04, 2020	11792
Oct 05, 2020	4771
Oct 06, 2020	9843
Oct 07, 2020	17592
Oct 08, 2020	17013
Oct 09, 2020	19087
Oct 10, 2020	25240
Oct 11, 2020	15110
Oct 12, 2020	7981
Oct 13, 2020	12193
Oct 14, 2020	21200
Oct 15, 2020	28736
Oct 16, 2020	23542
Oct 17, 2020	30431
Oct 18, 2020	28000
Oct 19, 2020	12428
Oct 20, 2020	19208
Oct 21, 2020	25034
Oct 22, 2020	39060
Oct 23, 2020	39445
Oct 24, 2020	42626
Oct 25, 2020	48808
Oct 26, 2020	25123
Oct 27, 2020	31360
Oct 28, 2020	34194
Oct 29, 2020	44705
Oct 30, 2020	46185
Oct 31, 2020	33447
Nov 01, 2020	45258
Nov 02, 2020	51104
Nov 03, 2020	35912
Nov 04, 2020	39880
Nov 05, 2020	56292
Nov 06, 2020	58581
Nov 07, 2020	83324
Nov 08, 2020	38059
Nov 09, 2020	20732
Nov 10, 2020	22632
Nov 11, 2020	35488
Nov 12, 2020	32948
Nov 13, 2020	24147
Nov 14, 2020	31937
Nov 15, 2020	27370
Nov 16, 2020	10645
Nov 17, 2020	13630
Nov 18, 2020	26636
Nov 19, 2020	19848
Nov 20, 2020	21473
Nov 21, 2020	16780
Nov 22, 2020	12347
Nov 23, 2020	4178
Nov 24, 2020	8591
Nov 25, 2020	15280
Nov 26, 2020	12728
Nov 27, 2020	11692
Nov 28, 2020	11806
Nov 29, 2020	9182
Nov 30, 2020	3758
Dec 01, 2020	7585
Dec 02, 2020	13198
Dec 03, 2020	11914
Dec 04, 2020	10530
Dec 05, 2020	12127
Dec 06, 2020	10344
Dec 07, 2020	3201
Dec 08, 2020	12869
Dec 09, 2020	13697
Dec 10, 2020	12904
Dec 11, 2020	12581
Dec 12, 2020	13088
Dec 13, 2020	10823
Dec 14, 2020	2874
Dec 15, 2020	10822
Dec 16, 2020	16531
Dec 17, 2020	17130
Dec 18, 2020	14709
Dec 19, 2020	16484
Dec 20, 2020	12011
Dec 21, 2020	5440
Dec 22, 2020	11069
Dec 23, 2020	14010
Dec 24, 2020	20302
Dec 25, 2020	19015
Dec 26, 2020	2903
Dec 27, 2020	8279
Dec 28, 2020	2778
Dec 29, 2020	10694
Dec 30, 2020	24828
Dec 31, 2020	18700
Jan 01, 2021	18157
Jan 02, 2021	3253
Jan 03, 2021	11720
Jan 04, 2021	3774
Jan 05, 2021	19228
Jan 06, 2021	23817
Jan 07, 2021	20367
Jan 08, 2021	18594
Jan 09, 2021	18935
Jan 10, 2021	14963
Jan 11, 2021	3362
Jan 12, 2021	18536
Jan 13, 2021	22384
Jan 14, 2021	19921
Jan 15, 2021	19962
Jan 16, 2021	20088
Jan 17, 2021	15618
Jan 18, 2021	3506
Jan 19, 2021	22155
Jan 20, 2021	25135
Jan 21, 2021	21442
Jan 22, 2021	21858
Jan 23, 2021	22451
Jan 24, 2021	17301
Jan 25, 2021	3979
Jan 26, 2021	20726
Jan 27, 2021	25259
Jan 28, 2021	22307
Jan 29, 2021	21451
Jan 30, 2021	22890
Jan 31, 2021	18051
Feb 01, 2021	4079
Feb 02, 2021	21900
Feb 03, 2021	24739
Feb 04, 2021	22005
Feb 05, 2021	20776
Feb 06, 2021	19319
Feb 07, 2021	18501
Feb 08, 2021	4051
Feb 09, 2021	17708
Feb 10, 2021	23824
Feb 11, 2021	19766
Feb 12, 2021	19427
Feb 13, 2021	19924
Feb 14, 2021	15527
Feb 15, 2021	4107
Feb 16, 2021	18384
Feb 17, 2021	23478
Feb 18, 2021	21116
Feb 19, 2021	22631
Feb 20, 2021	20994
Feb 21, 2021	20689
Feb 22, 2021	4360
Feb 23, 2021	18829
Feb 24, 2021	29579
Feb 25, 2021	23839
Feb 26, 2021	23655
Feb 27, 2021	22519
Feb 28, 2021	18724
Mar 01, 2021	4413
Mar 02, 2021	21450
Mar 03, 2021	25139
Mar 04, 2021	23723
Mar 05, 2021	22060
Mar 06, 2021	21871
Mar 07, 2021	20482
Mar 08, 2021	4999
Mar 09, 2021	21868
Mar 10, 2021	28438
Mar 11, 2021	25494
Mar 12, 2021	23676
Mar 13, 2021	27927
Mar 14, 2021	24721
Mar 15, 2021	6073
Mar 16, 2021	28130
Mar 17, 2021	36131
Mar 18, 2021	32844
Mar 19, 2021	32911
Mar 20, 2021	33169
Mar 21, 2021	28699
Mar 22, 2021	35259
Mar 23, 2021	23350
Mar 24, 2021	31334
Mar 25, 2021	42831
Mar 26, 2021	39292
Mar 27, 2021	39995
Mar 28, 2021	34736
Mar 29, 2021	26843
Mar 30, 2021	26580
Mar 31, 2021	39327
Apr 01, 2021	47541
Apr 02, 2021	43804
Apr 03, 2021	18571
Apr 04, 2021	57172
Apr 05, 2021	11576
Apr 06, 2021	54241
Apr 07, 2021	28890
Apr 08, 2021	14892
Apr 09, 2021	38704
Apr 10, 2021	40620
Apr 11, 2021	32747
Apr 12, 2021	8011
Apr 13, 2021	36705
Apr 14, 2021	40827
Apr 15, 2021	35703
Apr 16, 2021	34199
Apr 17, 2021	33653
Apr 18, 2021	27538
Apr 19, 2021	6847
Apr 20, 2021	39882
Apr 21, 2021	32815
Apr 22, 2021	32205
Apr 23, 2021	30349
Apr 24, 2021	30624
Apr 25, 2021	22959
Apr 26, 2021	5586
Apr 27, 2021	28451
Apr 28, 2021	29598
Apr 29, 2021	24904
Apr 30, 2021	22803
May 01, 2021	24090
May 02, 2021	9279
May 03, 2021	3529
May 04, 2021	22871
May 05, 2021	24400
May 06, 2021	20375
May 07, 2021	17947
May 08, 2021	19468
May 09, 2021	8566
May 10, 2021	3089
May 11, 2021	18573
May 12, 2021	20175
May 13, 2021	18263
May 14, 2021	6593
May 15, 2021	14719
May 16, 2021	13089
May 17, 2021	3144
May 18, 2021	16151
May 19, 2021	17877
May 20, 2021	15415
May 21, 2021	12800
May 22, 2021	12611
May 23, 2021	9704
May 24, 2021	2229
May 25, 2021	3155
May 26, 2021	12646
May 27, 2021	13933
May 28, 2021	11268
May 29, 2021	10675
May 30, 2021	8541
May 31, 2021	1211
Jun 01, 2021	9848
Jun 02, 2021	8743
Jun 03, 2021	8161
Jun 04, 2021	6953
Jun 05, 2021	6654
Jun 06, 2021	5070
Jun 07, 2021	1166
Jun 08, 2021	6016
Jun 09, 2021	5557
Jun 10, 2021	4475
Jun 11, 2021	3871
Jun 12, 2021	3972
Jun 13, 2021	2855
Jun 14, 2021	689
Jun 15, 2021	3235
Jun 16, 2021	3058
Jun 17, 2021	2044
Jun 18, 2021	3181
Jun 19, 2021	2624
Jun 20, 2021	1815
Jun 21, 2021	487
Jun 22, 2021	2204
Jun 23, 2021	2320
Jun 24, 2021	2007
Jun 25, 2021	1986
Jun 26, 2021	2128
Jun 27, 2021	1578
Jun 28, 2021	509
Jun 29, 2021	2314
Jun 30, 2021	2457
Jul 01, 2021	2664
Jul 02, 2021	2683
Jul 03, 2021	3006
Jul 04, 2021	2549
Jul 05, 2021	796
Jul 06, 2021	3585
Jul 07, 2021	4081
Jul 08, 2021	4442
Jul 09, 2021	4580
Jul 10, 2021	4696
Jul 11, 2021	4256
Jul 12, 2021	1260
Jul 13, 2021	6950
Jul 14, 2021	8875
Jul 15, 2021	3617
Jul 16, 2021	10908
Jul 17, 2021	10949
Jul 18, 2021	12532
Jul 19, 2021	4151
Jul 20, 2021	18181
Jul 21, 2021	21539
Jul 22, 2021	21909
Jul 23, 2021	19561
Jul 24, 2021	25624
Jul 25, 2021	15242
Jul 26, 2021	5307
Jul 27, 2021	26871
Jul 28, 2021	27934
Jul 29, 2021	25190
Jul 30, 2021	24309
Jul 31, 2021	23471
Aug 01, 2021	19600
Aug 02, 2021	5184
Aug 03, 2021	26829
Aug 04, 2021	28784
Aug 05, 2021	26460
Aug 06, 2021	25077
Aug 07, 2021	25755
Aug 08, 2021	20450
Aug 09, 2021	5775
Aug 10, 2021	28576
Aug 11, 2021	30920
Aug 12, 2021	28554
Aug 13, 2021	26453
Aug 14, 2021	24427
Aug 15, 2021	21172
Aug 16, 2021	5829
Aug 17, 2021	28114
Aug 18, 2021	28405
Aug 19, 2021	23973
Aug 20, 2021	22319
Aug 21, 2021	22636
Aug 22, 2021	17300
Aug 23, 2021	5166
Aug 24, 2021	24853
Aug 25, 2021	23706
Aug 26, 2021	19683
Aug 27, 2021	18249
Aug 28, 2021	17590
Aug 29, 2021	13630
Aug 30, 2021	3795
Aug 31, 2021	19425
Sep 01, 2021	17621
Sep 02, 2021	15911
Sep 03, 2021	13466
Sep 04, 2021	13336
Sep 05, 2021	10410
Sep 06, 2021	3042
Sep 07, 2021	14534
Sep 08, 2021	12828
Sep 09, 2021	10969
Sep 10, 2021	9966
Sep 11, 2021	9601
Sep 12, 2021	7679
Sep 13, 2021	2062
Sep 14, 2021	10327
Sep 15, 2021	9144
Sep 16, 2021	8128
Sep 17, 2021	7373
Sep 18, 2021	7414
Sep 19, 2021	5814
Sep 20, 2021	1515
Sep 21, 2021	7851
Sep 22, 2021	6794
Sep 23, 2021	6229
Sep 24, 2021	5879
Sep 25, 2021	6012
Sep 26, 2021	4706
Sep 27, 2021	1309
Sep 28, 2021	6765
Sep 29, 2021	5835
Sep 30, 2021	5204
Oct 01, 2021	4935
Oct 02, 2021	4948
Oct 03, 2021	3744
Oct 04, 2021	1138
Oct 05, 2021	5558
Oct 06, 2021	4946
Oct 07, 2021	4615
Oct 08, 2021	4470
Oct 09, 2021	4734
Oct 10, 2021	3991
Oct 11, 2021	1120
Oct 12, 2021	5880
Oct 13, 2021	5578
Oct 14, 2021	5187
Oct 15, 2021	6099
Oct 16, 2021	4899
Oct 17, 2021	3778
Oct 18, 2021	1057
Oct 19, 2021	5934
Oct 20, 2021	6036
Oct 21, 2021	6127
Oct 22, 2021	6366
Oct 23, 2021	6291
Oct 24, 2021	5005
Oct 25, 2021	1295
Oct 26, 2021	6603
Oct 27, 2021	6528
Oct 28, 2021	6461
Oct 29, 2021	6433
Oct 30, 2021	7360
Oct 31, 2021	6329
Nov 01, 2021	1866
Nov 02, 2021	2039
Nov 03, 2021	10050
Nov 04, 2021	9502
Nov 05, 2021	8998
Nov 06, 2021	9605
Nov 07, 2021	8547
Nov 08, 2021	2197
Nov 09, 2021	12476
Nov 10, 2021	11883
Nov 11, 2021	12603
Nov 12, 2021	3860
Nov 13, 2021	14646
Nov 14, 2021	12496
Nov 15, 2021	3241
Nov 16, 2021	19778
Nov 17, 2021	20294
Nov 18, 2021	20366
Nov 19, 2021	21220
Nov 20, 2021	22678
Nov 21, 2021	19749
Nov 22, 2021	5266
Nov 23, 2021	30454
Nov 24, 2021	32591
Nov 25, 2021	33464
Nov 26, 2021	34436
Nov 27, 2021	37218
Nov 28, 2021	31648
Nov 29, 2021	8279
Nov 30, 2021	47177
Dec 01, 2021	49610
Dec 02, 2021	48416
Dec 03, 2021	49858
Dec 04, 2021	51624
Dec 05, 2021	42252
Dec 06, 2021	11308
Dec 07, 2021	59019
Dec 08, 2021	61340
Dec 09, 2021	56854
Dec 10, 2021	55339
Dec 11, 2021	53720
Dec 12, 2021	43848
Dec 13, 2021	12036
Dec 14, 2021	63405
Dec 15, 2021	65713
Dec 16, 2021	60866
Dec 17, 2021	58128
Dec 18, 2021	58536
Dec 19, 2021	48473
Dec 20, 2021	15075
Dec 21, 2021	72832
Dec 22, 2021	84272
Dec 23, 2021	91608
Dec 24, 2021	94124
Dec 25, 2021	104611
Dec 26, 2021	27697
Dec 27, 2021	30383
Dec 28, 2021	179807
Dec 29, 2021	208099
Dec 30, 2021	206243
Dec 31, 2021	232200
Jan 01, 2022	219126
Jan 02, 2022	58432
Jan 03, 2022	67461
Jan 04, 2022	271686
Jan 05, 2022	332252
Jan 06, 2022	261481
Jan 07, 2022	328214
Jan 08, 2022	303669
Jan 09, 2022	296097
Jan 10, 2022	93896
Jan 11, 2022	368149
Jan 12, 2022	361719
Jan 13, 2022	305322
Jan 14, 2022	329371
Jan 15, 2022	324580
Jan 16, 2022	278129
Jan 17, 2022	102144
Jan 18, 2022	464769
Jan 19, 2022	436167
Jan 20, 2022	425183
Jan 21, 2022	400851
Jan 22, 2022	389320
Jan 23, 2022	301614
Jan 24, 2022	108481
Jan 25, 2022	501635
Jan 26, 2022	428008
Jan 27, 2022	392168
Jan 28, 2022	353503
Jan 29, 2022	332398
Jan 30, 2022	249448
Jan 31, 2022	82657
Feb 01, 2022	416896
Feb 02, 2022	315363
Feb 03, 2022	274352
Feb 04, 2022	241049
Feb 05, 2022	214542
Feb 06, 2022	155439
Feb 07, 2022	46001
Feb 08, 2022	235267
Feb 09, 2022	179614
Feb 10, 2022	153025
Feb 11, 2022	131376
Feb 12, 2022	118611
Feb 13, 2022	86562
Feb 14, 2022	26475
Feb 15, 2022	142253
Feb 16, 2022	98735
Feb 17, 2022	92345
Feb 18, 2022	82553
Feb 19, 2022	76638
Feb 20, 2022	59003
Feb 21, 2022	17195
Feb 22, 2022	97382
Feb 23, 2022	66833
Feb 24, 2022	66732
Feb 25, 2022	58138
Feb 26, 2022	53623
Feb 27, 2022	42600
Feb 28, 2022	13483
Mar 01, 2022	79794
Mar 02, 2022	57697
Mar 03, 2022	60225
Mar 04, 2022	57789
Mar 05, 2022	53678
Mar 06, 2022	45328
Mar 07, 2022	14496
Mar 08, 2022	93050
Mar 09, 2022	69190
Mar 10, 2022	74818
Mar 11, 2022	72399
Mar 12, 2022	72443
Mar 13, 2022	60422
Mar 14, 2022	18853
Mar 15, 2022	116618
Mar 16, 2022	108832
Mar 17, 2022	101747
Mar 18, 2022	97579
Mar 19, 2022	98104
Mar 20, 2022	81283
Mar 21, 2022	24179
Mar 22, 2022	180777
Mar 23, 2022	145560
Mar 24, 2022	148635
Mar 25, 2022	143571
Mar 26, 2022	139517
Mar 27, 2022	110174
Mar 28, 2022	29455
Mar 29, 2022	217480
Mar 30, 2022	169024
Mar 31, 2022	169311
Apr 01, 2022	148629
Apr 02, 2022	132114
Apr 03, 2022	102266
Apr 04, 2022	27648
Apr 05, 2022	203021
Apr 06, 2022	161950
Apr 07, 2022	158792
Apr 08, 2022	148768
Apr 09, 2022	141690
Apr 10, 2022	107654
Apr 11, 2022	25492
Apr 12, 2022	190762
Apr 13, 2022	146426
Apr 14, 2022	137342
Apr 15, 2022	125394
Apr 16, 2022	111583
Apr 17, 2022	86650
Apr 18, 2022	19810
Apr 19, 2022	25465
Apr 20, 2022	155711
Apr 21, 2022	104007
Apr 22, 2022	88389
Apr 23, 2022	80571
Apr 24, 2022	58954
Apr 25, 2022	13984
Apr 26, 2022	97498
Apr 27, 2022	67711
Apr 28, 2022	59760
Apr 29, 2022	52919
Apr 30, 2022	49482
May 01, 2022	36726
May 02, 2022	8737
May 03, 2022	67017
May 04, 2022	47925
May 05, 2022	44225
May 06, 2022	40224
May 07, 2022	37958
May 08, 2022	29324
May 09, 2022	7354
May 10, 2022	56449
May 11, 2022	40299
May 12, 2022	36047
May 13, 2022	32773
May 14, 2022	30459
May 15, 2022	22844
May 16, 2022	5936
May 17, 2022	43727
May 18, 2022	29995
May 19, 2022	27842
May 20, 2022	24332
May 21, 2022	22507
May 22, 2022	16965
May 23, 2022	4386
May 24, 2022	32029
May 25, 2022	22006
May 26, 2022	21234
May 27, 2022	4811
May 28, 2022	23582
May 29, 2022	16440
May 30, 2022	4673
May 31, 2022	35142
Jun 01, 2022	26144
Jun 02, 2022	25365
Jun 03, 2022	25130
Jun 04, 2022	25172
Jun 05, 2022	20542
Jun 06, 2022	6184
Jun 07, 2022	11627
Jun 08, 2022	53802
Jun 09, 2022	40151
Jun 10, 2022	17152
Jun 11, 2022	0
Jun 12, 2022	79397
Jun 13, 2022	8474
Jun 14, 2022	65425
Jun 15, 2022	51954
Jun 16, 2022	53081
Jun 17, 2022	50605
Jun 18, 2022	50266
Jun 19, 2022	40125
Jun 20, 2022	11566
Jun 21, 2022	95217
Jun 22, 2022	77967
Jun 23, 2022	79852
Jun 24, 2022	79262
Jun 25, 2022	80926
Jun 26, 2022	66301
Jun 27, 2022	17601
Jun 28, 2022	147248
Jun 29, 2022	124724
Jun 30, 2022	133346
Jul 01, 2022	125066
Jul 02, 2022	122639
Jul 03, 2022	96191
Jul 04, 2022	24418
Jul 05, 2022	206554
Jul 06, 2022	154615
Jul 07, 2022	161265
Jul 08, 2022	140997
Jul 09, 2022	116405
Jul 10, 2022	110589
Jul 11, 2022	24343
Jul 12, 2022	182006
Jul 13, 2022	127642
Jul 14, 2022	119285
Jul 15, 2022	23027
Jul 16, 2022	124009
Jul 17, 2022	73668
Jul 18, 2022	17733
Jul 19, 2022	134188
Jul 20, 2022	89982
Jul 21, 2022	80869
Jul 22, 2022	74348
Jul 23, 2022	68532
Jul 24, 2022	50032
Jul 25, 2022	11195
Jul 26, 2022	87562
Jul 27, 2022	58638
Jul 28, 2022	51594
Jul 29, 2022	45515
Jul 30, 2022	41274
Jul 31, 2022	31535
Aug 01, 2022	7249
Aug 02, 2022	54519
Aug 03, 2022	38788
Aug 04, 2022	33799
Aug 05, 2022	30592
Aug 06, 2022	28518
Aug 07, 2022	21528
Aug 08, 2022	5090
Aug 09, 2022	38230
Aug 10, 2022	27081
Aug 11, 2022	24312
Aug 12, 2022	22638
Aug 13, 2022	21175
Aug 14, 2022	16347
Aug 15, 2022	4564
Aug 16, 2022	6331
Aug 17, 2022	35745
Aug 18, 2022	23605
Aug 19, 2022	20236
Aug 20, 2022	19870
Aug 21, 2022	14820
Aug 22, 2022	4012
Aug 23, 2022	28988
Aug 24, 2022	21289
Aug 25, 2022	19837
Aug 26, 2022	18116
Aug 27, 2022	17833
Aug 28, 2022	14110
Aug 29, 2022	3806
Aug 30, 2022	27358
Aug 31, 2022	19240
Sep 01, 2022	18646
Sep 02, 2022	16399
Sep 03, 2022	15597
Sep 04, 2022	12894
Sep 05, 2022	3443
Sep 06, 2022	26918
Sep 07, 2022	20142
Sep 08, 2022	19866
Sep 09, 2022	19087
Sep 10, 2022	19517
Sep 11, 2022	16422
Sep 12, 2022	4579
Sep 13, 2022	41850
Sep 14, 2022	33575
Sep 15, 2022	33263
Sep 16, 2022	28686
Sep 17, 2022	33162
Sep 18, 2022	23137
Sep 19, 2022	5219
Sep 20, 2022	51816
Sep 21, 2022	38250
Sep 22, 2022	38464
Sep 23, 2022	37524
Sep 24, 2022	38024
Sep 25, 2022	31365
Sep 26, 2022	7489
Sep 27, 2022	73639
Sep 28, 2022	53410
Sep 29, 2022	51366
Sep 30, 2022	48261
Oct 01, 2022	46596
Oct 02, 2022	37453
Oct 03, 2022	8690
Oct 04, 2022	89185
Oct 05, 2022	66564
Oct 06, 2022	65537
Oct 07, 2022	61121
Oct 08, 2022	57270
Oct 09, 2022	42626
Oct 10, 2022	9373
Oct 11, 2022	94753
Oct 12, 2022	67948
Oct 13, 2022	64218
Oct 14, 2022	58695
Oct 15, 2022	55394
Oct 16, 2022	41973
Oct 17, 2022	9421
Oct 18, 2022	87666
Oct 19, 2022	63031
Oct 20, 2022	56793
Oct 21, 2022	49087
Oct 22, 2022	43746
Oct 23, 2022	31470
Oct 24, 2022	6907
Oct 25, 2022	59653
Oct 26, 2022	41185
Oct 27, 2022	37089
Oct 28, 2022	25783
Oct 29, 2022	22723
Oct 30, 2022	16456
Oct 31, 2022	3768
Nov 01, 2022	29525
Nov 02, 2022	5691
Nov 03, 2022	42025
Nov 04, 2022	29438
Nov 05, 2022	26840
Nov 06, 2022	21178
Nov 07, 2022	3645
Nov 08, 2022	40591
Nov 09, 2022	28702
Nov 10, 2022	27068
Nov 11, 2022	26353
Nov 12, 2022	5577
Nov 13, 2022	27155
Nov 14, 2022	6017
Nov 15, 2022	48971
Nov 16, 2022	34878
Nov 17, 2022	33331
Nov 18, 2022	37177
Nov 19, 2022	47088
Nov 20, 2022	14204
Nov 21, 2022	29335
Nov 22, 2022	64772
Nov 23, 2022	49188
Nov 24, 2022	50530
Nov 25, 2022	48629
Nov 26, 2022	48331
Nov 27, 2022	37675
Nov 28, 2022	9304
Nov 29, 2022	91814
Nov 30, 2022	68382
Dec 01, 2022	69253
Dec 02, 2022	59008
Dec 03, 2022	52908
Dec 04, 2022	40006
Dec 05, 2022	10591
Dec 06, 2022	105516
Dec 07, 2022	75752
Dec 08, 2022	71597
Dec 09, 2022	65509
Dec 10, 2022	61482
Dec 11, 2022	46422
Dec 12, 2022	10878
Dec 13, 2022	97037
Dec 14, 2022	70224
Dec 15, 2022	62541
Dec 16, 2022	56361
Dec 17, 2022	52544
Dec 18, 2022	37264
Dec 19, 2022	8213
Dec 20, 2022	71212
Dec 21, 2022	54613
Dec 22, 2022	49517
Dec 23, 2022	43766
Dec 24, 2022	40744
Dec 25, 2022	23681
Dec 26, 2022	5429
Dec 27, 2022	30989
Dec 28, 2022	26081
Dec 29, 2022	24436
Dec 30, 2022	23808
Dec 31, 2022	21836
Jan 01, 2023	15005
Jan 02, 2023	2246
Jan 03, 2023	22916
Jan 04, 2023	14105
Jan 05, 2023	11537
Jan 06, 2023	10383
Jan 07, 2023	8961
Jan 08, 2023	6557
Jan 09, 2023	1702
Jan 10, 2023	11715
Jan 11, 2023	7635
Jan 12, 2023	7159
Jan 13, 2023	6238
Jan 14, 2023	5429
Jan 15, 2023	4166
Jan 16, 2023	1235
Jan 17, 2023	8381
Jan 18, 2023	5894
Jan 19, 2023	4992
Jan 20, 2023	4475
Jan 21, 2023	4324
Jan 22, 2023	3477
Jan 23, 2023	1027
Jan 24, 2023	7263
Jan 25, 2023	5347
Jan 26, 2023	5287
Jan 27, 2023	4681
Jan 28, 2023	4513
Jan 29, 2023	3802
Jan 30, 2023	982
Jan 31, 2023	6860
Feb 01, 2023	4506
Feb 02, 2023	4021
Feb 03, 2023	3618
Feb 04, 2023	3312
Feb 05, 2023	2632
Feb 06, 2023	718
Feb 07, 2023	4999
Feb 08, 2023	3991
Feb 09, 2023	3653
Feb 10, 2023	3366
Feb 11, 2023	3187
Feb 12, 2023	2469
Feb 13, 2023	706
Feb 14, 2023	4986
Feb 15, 2023	3972
Feb 16, 2023	4021
Feb 17, 2023	3589
Feb 18, 2023	4236
Feb 19, 2023	2999
Feb 20, 2023	898
Feb 21, 2023	5774
Feb 22, 2023	4584
Feb 23, 2023	4489
Feb 24, 2023	3917
Feb 25, 2023	3843
Feb 26, 2023	2942
Feb 27, 2023	841
Feb 28, 2023	5651
Mar 01, 2023	4525
Mar 02, 2023	4196
Mar 03, 2023	3194
Mar 04, 2023	4013
Mar 05, 2023	0
Mar 06, 2023	953
Mar 07, 2023	0
Mar 08, 2023	0
Mar 09, 2023	0
Mar 10, 2023	6188
Mar 11, 2023	6072
Mar 12, 2023	4558
Mar 13, 2023	1235
Mar 14, 2023	9937
Mar 15, 2023	8348
Mar 16, 2023	7932
Mar 17, 2023	7228
Mar 18, 2023	7210
Mar 19, 2023	5459
Mar 20, 2023	1470
Mar 21, 2023	11519
Mar 22, 2023	9762
Mar 23, 2023	9249
Mar 24, 2023	8839
Mar 25, 2023	8435
Mar 26, 2023	6211
Mar 27, 2023	7
Mar 28, 2023	12933
Mar 29, 2023	10885
Mar 30, 2023	0
Mar 31, 2023	9211
Apr 01, 2023	8455
Apr 02, 2023	6027
Apr 03, 2023	1453
Apr 04, 2023	0
Apr 05, 2023	9922
Apr 06, 2023	9374
Apr 07, 2023	8786
Apr 08, 2023	7739
Apr 09, 2023	6474
Apr 10, 2023	1342
Apr 11, 2023	1884
Apr 12, 2023	14207
Apr 13, 2023	10678
Apr 14, 2023	9467
Apr 15, 2023	8595
Apr 16, 2023	5805
Apr 17, 2023	1411
Apr 18, 2023	10616
Apr 19, 2023	8807
Apr 20, 2023	8201
Apr 21, 2023	7400
Apr 22, 2023	6796
Apr 23, 2023	5008
Apr 24, 2023	1185
Apr 25, 2023	8895
Apr 26, 2023	7490
Apr 27, 2023	6609
Apr 28, 2023	6144
Apr 29, 2023	5642
Apr 30, 2023	4030
May 01, 2023	1098
May 02, 2023	1065
May 03, 2023	8715
May 04, 2023	6161
May 05, 2023	5505
May 06, 2023	5103
May 07, 2023	3301
May 08, 2023	759
May 09, 2023	1044
May 10, 2023	6708
May 11, 2023	0
May 12, 2023	9003
May 13, 2023	3706
May 14, 2023	2563
May 15, 2023	623
May 16, 2023	5118
May 17, 2023	4149
May 18, 2023	0
May 19, 2023	0
May 20, 2023	0
May 21, 2023	0
May 22, 2023	677
May 23, 2023	5901
May 24, 2023	4905
May 25, 2023	4220
May 26, 2023	3724
May 27, 2023	3317
May 28, 2023	2284
May 29, 2023	592
May 30, 2023	902
May 31, 2023	5210
Jun 01, 2023	3735
Jun 02, 2023	3204
Jun 03, 2023	2797
Jun 04, 2023	2082
Jun 05, 2023	443
Jun 06, 2023	3590
Jun 07, 2023	2762
Jun 08, 2023	2603
Jun 09, 2023	2357
Jun 10, 2023	2135
Jun 11, 2023	1282
Jun 12, 2023	332
Jun 13, 2023	2631
Jun 14, 2023	2069
Jun 15, 2023	545
Jun 16, 2023	2895
Jun 17, 2023	1482
Jun 18, 2023	1080
Jun 19, 2023	270
Jun 20, 2023	2071
Jun 21, 2023	1702
Jun 22, 2023	1420
Jun 23, 2023	1232
Jun 24, 2023	1217
Jun 25, 2023	776
Jun 26, 2023	213
Jun 27, 2023	1680
Jun 28, 2023	1148
Jun 29, 2023	1106
Jun 30, 2023	1106
Jul 01, 2023	0
Jul 02, 2023	0
Jul 03, 2023	0
Jul 04, 2023	0
Jul 05, 2023	0
Jul 06, 2023	0
Jul 07, 2023	0
Jul 08, 2023	0
Jul 09, 2023	0
Jul 10, 2023	0
Jul 11, 2023	0
Jul 12, 2023	0
Jul 13, 2023	0
Jul 14, 2023	0
Jul 15, 2023	0
Jul 16, 2023	0
Jul 17, 2023	0
Jul 18, 2023	0
Jul 19, 2023	0
Jul 20, 2023	0
Jul 21, 2023	0
Jul 22, 2023	0
Jul 23, 2023	0
Jul 24, 2023	0
Jul 25, 2023	0
Jul 26, 2023	0
Jul 27, 2023	0
Jul 28, 2023	0
Jul 29, 2023	0
Jul 30, 2023	0
Jul 31, 2023	0
Aug 01, 2023	0
Aug 02, 2023	0
Aug 03, 2023	0
Aug 04, 2023	0
Aug 05, 2023	0
Aug 06, 2023	0
Aug 07, 2023	0
Aug 08, 2023	0
Aug 09, 2023	0
Aug 10, 2023	0
Aug 11, 2023	0
Aug 12, 2023	0
Aug 13, 2023	0
Aug 14, 2023	0
Aug 15, 2023	0
Aug 16, 2023	0
Aug 17, 2023	0
Aug 18, 2023	0
Aug 19, 2023	0
Aug 20, 2023	0
Aug 21, 2023	0
Aug 22, 2023	0
Aug 23, 2023	0
Aug 24, 2023	0
Aug 25, 2023	0
Aug 26, 2023	0
Aug 27, 2023	0
Aug 28, 2023	0
Aug 29, 2023	0
Aug 30, 2023	0
Aug 31, 2023	0
Sep 01, 2023	0
Sep 02, 2023	0
Sep 03, 2023	0
Sep 04, 2023	0
Sep 05, 2023	0
Sep 06, 2023	0
Sep 07, 2023	0
Sep 08, 2023	0
Sep 09, 2023	0
Sep 10, 2023	0
Sep 11, 2023	0
Sep 12, 2023	0
Sep 13, 2023	0
Sep 14, 2023	0
Sep 15, 2023	0
Sep 16, 2023	0
Sep 17, 2023	0
Sep 18, 2023	0
Sep 19, 2023	0
Sep 20, 2023	0
Sep 21, 2023	0
Sep 22, 2023	0
Sep 23, 2023	0
Sep 24, 2023	0
Sep 25, 2023	0
Sep 26, 2023	0
Sep 27, 2023	0
Sep 28, 2023	0
Sep 29, 2023	0
Sep 30, 2023	0
Oct 01, 2023	0
Oct 02, 2023	0
Oct 03, 2023	0
Oct 04, 2023	0
Oct 05, 2023	0
Oct 06, 2023	0
Oct 07, 2023	0
Oct 08, 2023	0
Oct 09, 2023	0
Oct 10, 2023	0
Oct 11, 2023	0
Oct 12, 2023	0
Oct 13, 2023	0
Oct 14, 2023	0
Oct 15, 2023	0
Oct 16, 2023	0
Oct 17, 2023	0
Oct 18, 2023	0
Oct 19, 2023	0
Oct 20, 2023	0
Oct 21, 2023	0
Oct 22, 2023	0
Oct 23, 2023	0
Oct 24, 2023	0
Oct 25, 2023	0
Oct 26, 2023	0
Oct 27, 2023	0
Oct 28, 2023	0
Oct 29, 2023	0
Oct 30, 2023	0
Oct 31, 2023	0
Nov 01, 2023	0
Nov 02, 2023	0
Nov 03, 2023	0
Nov 04, 2023	0
Nov 05, 2023	0
Nov 06, 2023	0
Nov 07, 2023	0
Nov 08, 2023	0
Nov 09, 2023	0
Nov 10, 2023	0
Nov 11, 2023	0
Nov 12, 2023	0
Nov 13, 2023	0
Nov 14, 2023	0
Nov 15, 2023	0
Nov 16, 2023	0
Nov 17, 2023	0
Nov 18, 2023	0
Nov 19, 2023	0
Nov 20, 2023	0
Nov 21, 2023	0
Nov 22, 2023	0
Nov 23, 2023	0
Nov 24, 2023	0
Nov 25, 2023	0
Nov 26, 2023	0
Nov 27, 2023	0
Nov 28, 2023	0
Nov 29, 2023	0
Nov 30, 2023	0
Dec 01, 2023	0
Dec 02, 2023	0
Dec 03, 2023	0
Dec 04, 2023	0
Dec 05, 2023	0
Dec 06, 2023	0
Dec 07, 2023	0
Dec 08, 2023	0
Dec 09, 2023	0
Dec 10, 2023	0
Dec 11, 2023	0
Dec 12, 2023	0
Dec 13, 2023	0
Dec 14, 2023	0
Dec 15, 2023	0
Dec 16, 2023	0
Dec 17, 2023	0
Dec 18, 2023	0
Dec 19, 2023	0
Dec 20, 2023	0
Dec 21, 2023	0
Dec 22, 2023	0
Dec 23, 2023	0
Dec 24, 2023	0
Dec 25, 2023	0
Dec 26, 2023	0
Dec 27, 2023	0
Dec 28, 2023	0
Dec 29, 2023	0
Dec 30, 2023	0
Dec 31, 2023	0
Jan 01, 2024	0
Jan 02, 2024	0
Jan 03, 2024	0
Jan 04, 2024	0
Jan 05, 2024	0
Jan 06, 2024	0
Jan 07, 2024	0
Jan 08, 2024	0
Jan 09, 2024	0
Jan 10, 2024	0
Jan 11, 2024	0
Jan 12, 2024	0
Jan 13, 2024	0
Jan 14, 2024	0
Jan 15, 2024	0
Jan 16, 2024	0
Jan 17, 2024	0
Jan 18, 2024	0
Jan 19, 2024	0
Jan 20, 2024	0
Jan 21, 2024	0
Jan 22, 2024	0
Jan 23, 2024	0
Jan 24, 2024	0
Jan 25, 2024	0
Jan 26, 2024	0
Jan 27, 2024	0
Jan 28, 2024	0
Jan 29, 2024	0
Jan 30, 2024	0
Jan 31, 2024	0
Feb 01, 2024	0
Feb 02, 2024	0
Feb 03, 2024	0
Feb 04, 2024	0
Feb 05, 2024	0
Feb 06, 2024	0
Feb 07, 2024	0
Feb 08, 2024	0
Feb 09, 2024	0
Feb 10, 2024	0
Feb 11, 2024	0
Feb 12, 2024	0
Feb 13, 2024	0
Feb 14, 2024	0
Feb 15, 2024	0
Feb 16, 2024	0
Feb 17, 2024	0
Feb 18, 2024	0
Feb 19, 2024	0
Feb 20, 2024	0
Feb 21, 2024	0
Feb 22, 2024	0
Feb 23, 2024	0
Feb 24, 2024	0
Feb 25, 2024	0
Feb 26, 2024	0
Feb 27, 2024	0
Feb 28, 2024	0
Feb 29, 2024	0
Mar 01, 2024	0
Mar 02, 2024	0
