Feb 15, 2020	-3
Feb 16, 2020	-3
Feb 17, 2020	-4
Feb 18, 2020	-6
Feb 19, 2020	-6
Feb 20, 2020	-6
Feb 21, 2020	-6
Feb 22, 2020	-9
Feb 23, 2020	-9
Feb 24, 2020	-10
Feb 25, 2020	-8
Feb 26, 2020	-4
Feb 27, 2020	15
Feb 28, 2020	33
Feb 29, 2020	71
Mar 01, 2020	98
Mar 02, 2020	154
Mar 03, 2020	174
Mar 04, 2020	241
Mar 05, 2020	367
Mar 06, 2020	576
Mar 07, 2020	840
Mar 08, 2020	1073
Mar 09, 2020	1247
Mar 10, 2020	1582
Mar 11, 2020	2019
Mar 12, 2020	2546
Mar 13, 2020	3242
Mar 14, 2020	3991
Mar 15, 2020	4795
Mar 16, 2020	5874
Mar 17, 2020	6254
Mar 18, 2020	7442
Mar 19, 2020	8332
Mar 20, 2020	9431
Mar 21, 2020	10997
Mar 22, 2020	11689
Mar 23, 2020	14991
Mar 24, 2020	15894
Mar 25, 2020	17706
Mar 26, 2020	19857
Mar 27, 2020	22268
Mar 28, 2020	26140
Mar 29, 2020	26708
Mar 30, 2020	29542
Mar 31, 2020	34414
Apr 01, 2020	36833
Apr 02, 2020	35909
Apr 03, 2020	37965
Apr 04, 2020	39360
Apr 05, 2020	39801
Apr 06, 2020	41457
Apr 07, 2020	41386
Apr 08, 2020	42455
Apr 09, 2020	43059
Apr 10, 2020	44293
Apr 11, 2020	45029
Apr 12, 2020	45139
Apr 13, 2020	46461
Apr 14, 2020	49609
Apr 15, 2020	48415
Apr 16, 2020	48206
Apr 17, 2020	46206
Apr 18, 2020	46337
Apr 19, 2020	46061
Apr 20, 2020	46548
Apr 21, 2020	46669
Apr 22, 2020	46311
Apr 23, 2020	45867
Apr 24, 2020	45684
Apr 25, 2020	45611
Apr 26, 2020	45479
Apr 27, 2020	47853
Apr 28, 2020	47494
Apr 29, 2020	47401
Apr 30, 2020	46925
May 01, 2020	46534
May 02, 2020	46758
May 03, 2020	46688
May 04, 2020	46332
May 05, 2020	45666
May 06, 2020	48050
May 07, 2020	47403
May 08, 2020	46943
May 09, 2020	43060
May 10, 2020	38913
May 11, 2020	36224
May 12, 2020	35270
May 13, 2020	33070
May 14, 2020	28153
May 15, 2020	26044
May 16, 2020	23827
May 17, 2020	23716
May 18, 2020	21683
May 19, 2020	21051
May 20, 2020	19389
May 21, 2020	17018
May 22, 2020	15557
May 23, 2020	14137
May 24, 2020	12471
May 25, 2020	11473
May 26, 2020	7832
May 27, 2020	7424
May 28, 2020	9924
May 29, 2020	10077
May 30, 2020	11585
May 31, 2020	11399
Jun 01, 2020	11055
Jun 02, 2020	10865
Jun 03, 2020	10615
Jun 04, 2020	10811
Jun 05, 2020	11037
Jun 06, 2020	11468
Jun 07, 2020	11331
Jun 08, 2020	11040
Jun 09, 2020	11029
Jun 10, 2020	11244
Jun 11, 2020	11277
Jun 12, 2020	11725
Jun 13, 2020	12112
Jun 14, 2020	12160
Jun 15, 2020	12046
Jun 16, 2020	12191
Jun 17, 2020	9523
Jun 18, 2020	9405
Jun 19, 2020	8463
Jun 20, 2020	8826
Jun 21, 2020	8778
Jun 22, 2020	8845
Jun 23, 2020	9000
Jun 24, 2020	8356
Jun 25, 2020	7783
Jun 26, 2020	8730
Jun 27, 2020	8898
Jun 28, 2020	9190
Jun 29, 2020	9075
Jun 30, 2020	9072
Jul 01, 2020	9534
Jul 02, 2020	9471
Jul 03, 2020	9523
Jul 04, 2020	9667
Jul 05, 2020	10124
Jul 06, 2020	9966
Jul 07, 2020	9982
Jul 08, 2020	10166
Jul 09, 2020	9988
Jul 10, 2020	10003
Jul 11, 2020	10364
Jul 12, 2020	10641
Jul 13, 2020	10426
Jul 14, 2020	10830
Jul 15, 2020	11220
Jul 16, 2020	10231
Jul 17, 2020	10526
Jul 18, 2020	10848
Jul 19, 2020	11397
Jul 20, 2020	11217
Jul 21, 2020	10904
Jul 22, 2020	11223
Jul 23, 2020	11674
Jul 24, 2020	12208
Jul 25, 2020	12564
Jul 26, 2020	13354
Jul 27, 2020	13390
Jul 28, 2020	13448
Jul 29, 2020	14171
Jul 30, 2020	14846
Jul 31, 2020	15481
Aug 01, 2020	14854
Aug 02, 2020	17230
Aug 03, 2020	17272
Aug 04, 2020	17857
Aug 05, 2020	18947
Aug 06, 2020	19667
Aug 07, 2020	21002
Aug 08, 2020	22100
Aug 09, 2020	23681
Aug 10, 2020	23870
Aug 11, 2020	24244
Aug 12, 2020	25616
Aug 13, 2020	27061
Aug 14, 2020	28776
Aug 15, 2020	30927
Aug 16, 2020	33274
Aug 17, 2020	33057
Aug 18, 2020	33851
Aug 19, 2020	36103
Aug 20, 2020	39317
Aug 21, 2020	43621
Aug 22, 2020	44355
Aug 23, 2020	48429
Aug 24, 2020	49289
Aug 25, 2020	50799
Aug 26, 2020	54389
Aug 27, 2020	57977
Aug 28, 2020	62992
Aug 29, 2020	66200
Aug 30, 2020	70543
Aug 31, 2020	72124
Sep 01, 2020	74430
Sep 02, 2020	78510
Sep 03, 2020	82555
Sep 04, 2020	87872
Sep 05, 2020	93067
Sep 06, 2020	99240
Sep 07, 2020	101084
Sep 08, 2020	103681
Sep 09, 2020	107253
Sep 10, 2020	112186
Sep 11, 2020	117633
Sep 12, 2020	122948
Sep 13, 2020	127854
Sep 14, 2020	130532
Sep 15, 2020	132806
Sep 16, 2020	136253
Sep 17, 2020	139269
Sep 18, 2020	146554
Sep 19, 2020	154141
Sep 20, 2020	161167
Sep 21, 2020	161464
Sep 22, 2020	164271
Sep 23, 2020	169822
Sep 24, 2020	176504
Sep 25, 2020	183305
Sep 26, 2020	190194
Sep 27, 2020	196688
Sep 28, 2020	194366
Sep 29, 2020	193872
Sep 30, 2020	196689
Oct 01, 2020	200972
Oct 02, 2020	202461
Oct 03, 2020	211647
Oct 04, 2020	217660
Oct 05, 2020	215062
Oct 06, 2020	215723
Oct 07, 2020	223374
Oct 08, 2020	227985
Oct 09, 2020	234405
Oct 10, 2020	249727
Oct 11, 2020	259865
Oct 12, 2020	258454
Oct 13, 2020	258380
Oct 14, 2020	264475
Oct 15, 2020	278386
Oct 16, 2020	288403
Oct 17, 2020	308396
Oct 18, 2020	332577
Oct 19, 2020	337450
Oct 20, 2020	344604
Oct 21, 2020	356528
Oct 22, 2020	384188
Oct 23, 2020	407706
Oct 24, 2020	438540
Oct 25, 2020	482577
Oct 26, 2020	497857
Oct 27, 2020	511625
Oct 28, 2020	528806
Oct 29, 2020	554424
Oct 30, 2020	575369
Oct 31, 2020	593706
Nov 01, 2020	630983
Nov 02, 2020	669894
Nov 03, 2020	684606
Nov 04, 2020	695750
Nov 05, 2020	728500
Nov 06, 2020	756650
Nov 07, 2020	811974
Nov 08, 2020	837605
Nov 09, 2020	839129
Nov 10, 2020	836727
Nov 11, 2020	833155
Nov 12, 2020	826658
Nov 13, 2020	808179
Nov 14, 2020	791308
Nov 15, 2020	793555
Nov 16, 2020	772840
Nov 17, 2020	752276
Nov 18, 2020	734207
Nov 19, 2020	707870
Nov 20, 2020	695896
Nov 21, 2020	667418
Nov 22, 2020	628661
Nov 23, 2020	596927
Nov 24, 2020	565638
Nov 25, 2020	524626
Nov 26, 2020	478773
Nov 27, 2020	407141
Nov 28, 2020	380888
Nov 29, 2020	369338
Nov 30, 2020	350464
Dec 01, 2020	322561
Dec 02, 2020	302811
Dec 03, 2020	290578
Dec 04, 2020	269171
Dec 05, 2020	253928
Dec 06, 2020	253627
Dec 07, 2020	243198
Dec 08, 2020	229431
Dec 09, 2020	223280
Dec 10, 2020	214711
Dec 11, 2020	210512
Dec 12, 2020	211253
Dec 13, 2020	217898
Dec 14, 2020	212181
Dec 15, 2020	207723
Dec 16, 2020	211526
Dec 17, 2020	216964
Dec 18, 2020	219867
Dec 19, 2020	227169
Dec 20, 2020	235422
Dec 21, 2020	233277
Dec 22, 2020	231148
Dec 23, 2020	233244
Dec 24, 2020	243016
Dec 25, 2020	249904
Dec 26, 2020	242463
Dec 27, 2020	247541
Dec 28, 2020	237450
Dec 29, 2020	234447
Dec 30, 2020	246371
Dec 31, 2020	252490
Jan 01, 2021	257559
Jan 02, 2021	249989
Jan 03, 2021	258835
Jan 04, 2021	251787
Jan 05, 2021	254484
Jan 06, 2021	261171
Jan 07, 2021	266829
Jan 08, 2021	268939
Jan 09, 2021	275863
Jan 10, 2021	285386
Jan 11, 2021	277679
Jan 12, 2021	282205
Jan 13, 2021	284287
Jan 14, 2021	285193
Jan 15, 2021	302252
Jan 16, 2021	314061
Jan 17, 2021	326901
Jan 18, 2021	319713
Jan 19, 2021	317040
Jan 20, 2021	323475
Jan 21, 2021	326760
Jan 22, 2021	345365
Jan 23, 2021	356096
Jan 24, 2021	369623
Jan 25, 2021	354374
Jan 26, 2021	351283
Jan 27, 2021	356175
Jan 28, 2021	359888
Jan 29, 2021	362404
Jan 30, 2021	370331
Jan 31, 2021	385020
Feb 01, 2021	370563
Feb 02, 2021	370079
Feb 03, 2021	374897
Feb 04, 2021	376940
Feb 05, 2021	377628
Feb 06, 2021	381329
Feb 07, 2021	396324
Feb 08, 2021	378220
Feb 09, 2021	370793
Feb 10, 2021	373175
Feb 11, 2021	371083
Feb 12, 2021	368059
Feb 13, 2021	370682
Feb 14, 2021	382230
Feb 15, 2021	365611
Feb 16, 2021	358736
Feb 17, 2021	359907
Feb 18, 2021	359572
Feb 19, 2021	359313
Feb 20, 2021	362256
Feb 21, 2021	378866
Feb 22, 2021	361326
Feb 23, 2021	355416
Feb 24, 2021	362990
Feb 25, 2021	366053
Feb 26, 2021	370389
Feb 27, 2021	374407
Feb 28, 2021	389080
Mar 01, 2021	375785
Mar 02, 2021	373411
Mar 03, 2021	378784
Mar 04, 2021	383080
Mar 05, 2021	385216
Mar 06, 2021	391560
Mar 07, 2021	407935
Mar 08, 2021	394550
Mar 09, 2021	392940
Mar 10, 2021	400262
Mar 11, 2021	403125
Mar 12, 2021	405807
Mar 13, 2021	413045
Mar 14, 2021	433406
Mar 15, 2021	420650
Mar 16, 2021	419201
Mar 17, 2021	431493
Mar 18, 2021	440682
Mar 19, 2021	451074
Mar 20, 2021	465519
Mar 21, 2021	489805
Mar 22, 2021	503614
Mar 23, 2021	501825
Mar 24, 2021	509436
Mar 25, 2021	530207
Mar 26, 2021	547628
Mar 27, 2021	567141
Mar 28, 2021	596878
Mar 29, 2021	601853
Mar 30, 2021	599995
Mar 31, 2021	613828
Apr 01, 2021	637693
Apr 02, 2021	653570
Apr 03, 2021	647420
Apr 04, 2021	698519
Apr 05, 2021	681965
Apr 06, 2021	700075
Apr 07, 2021	696121
Apr 08, 2021	678102
Apr 09, 2021	683637
Apr 10, 2021	695558
Apr 11, 2021	693046
Apr 12, 2021	677707
Apr 13, 2021	683078
Apr 14, 2021	681074
Apr 15, 2021	677485
Apr 16, 2021	671689
Apr 17, 2021	670606
Apr 18, 2021	671301
Apr 19, 2021	651568
Apr 20, 2021	652123
Apr 21, 2021	637397
Apr 22, 2021	625798
Apr 23, 2021	637576
Apr 24, 2021	611028
Apr 25, 2021	622411
Apr 26, 2021	573756
Apr 27, 2021	573317
Apr 28, 2021	588023
Apr 29, 2021	574223
Apr 30, 2021	556406
May 01, 2021	547749
May 02, 2021	549017
May 03, 2021	515841
May 04, 2021	497885
May 05, 2021	486582
May 06, 2021	472758
May 07, 2021	457052
May 08, 2021	448982
May 09, 2021	450701
May 10, 2021	413908
May 11, 2021	399666
May 12, 2021	387636
May 13, 2021	375550
May 14, 2021	351519
May 15, 2021	343279
May 16, 2021	350782
May 17, 2021	325475
May 18, 2021	312028
May 19, 2021	304996
May 20, 2021	297470
May 21, 2021	286210
May 22, 2021	289560
May 23, 2021	295748
May 24, 2021	275108
May 25, 2021	253740
May 26, 2021	246061
May 27, 2021	242040
May 28, 2021	233893
May 29, 2021	236040
May 30, 2021	241514
May 31, 2021	224068
Jun 01, 2021	213743
Jun 02, 2021	204254
Jun 03, 2021	205874
Jun 04, 2021	198070
Jun 05, 2021	191662
Jun 06, 2021	193619
Jun 07, 2021	178594
Jun 08, 2021	166726
Jun 09, 2021	156875
Jun 10, 2021	148545
Jun 11, 2021	139805
Jun 12, 2021	134139
Jun 13, 2021	134786
Jun 14, 2021	132241
Jun 15, 2021	122813
Jun 16, 2021	111968
Jun 17, 2021	102726
Jun 18, 2021	95244
Jun 19, 2021	89361
Jun 20, 2021	89973
Jun 21, 2021	80586
Jun 22, 2021	74036
Jun 23, 2021	68213
Jun 24, 2021	63256
Jun 25, 2021	58599
Jun 26, 2021	55674
Jun 27, 2021	56077
Jun 28, 2021	50539
Jun 29, 2021	47319
Jun 30, 2021	45309
Jul 01, 2021	44098
Jul 02, 2021	42814
Jul 03, 2021	42972
Jul 04, 2021	44840
Jul 05, 2021	42374
Jul 06, 2021	42903
Jul 07, 2021	44946
Jul 08, 2021	46210
Jul 09, 2021	48173
Jul 10, 2021	51053
Jul 11, 2021	54837
Jul 12, 2021	53869
Jul 13, 2021	58473
Jul 14, 2021	65389
Jul 15, 2021	67010
Jul 16, 2021	75784
Jul 17, 2021	85161
Jul 18, 2021	97195
Jul 19, 2021	99017
Jul 20, 2021	114728
Jul 21, 2021	133607
Jul 22, 2021	152851
Jul 23, 2021	169391
Jul 24, 2021	192467
Jul 25, 2021	206931
Jul 26, 2021	208609
Jul 27, 2021	231413
Jul 28, 2021	254889
Jul 29, 2021	275507
Jul 30, 2021	295083
Jul 31, 2021	314311
Aug 01, 2021	332674
Aug 02, 2021	330870
Aug 03, 2021	348812
Aug 04, 2021	373977
Aug 05, 2021	389525
Aug 06, 2021	403639
Aug 07, 2021	416887
Aug 08, 2021	433185
Aug 09, 2021	420734
Aug 10, 2021	427764
Aug 11, 2021	436783
Aug 12, 2021	445745
Aug 13, 2021	446569
Aug 14, 2021	455772
Aug 15, 2021	471639
Aug 16, 2021	450534
Aug 17, 2021	450688
Aug 18, 2021	453890
Aug 19, 2021	453526
Aug 20, 2021	452409
Aug 21, 2021	455439
Aug 22, 2021	467587
Aug 23, 2021	445849
Aug 24, 2021	441857
Aug 25, 2021	439154
Aug 26, 2021	433743
Aug 27, 2021	426451
Aug 28, 2021	423601
Aug 29, 2021	431469
Aug 30, 2021	406629
Aug 31, 2021	395096
Sep 01, 2021	384213
Sep 02, 2021	373701
Sep 03, 2021	362750
Sep 04, 2021	354924
Sep 05, 2021	359539
Sep 06, 2021	334414
Sep 07, 2021	320493
Sep 08, 2021	309400
Sep 09, 2021	298047
Sep 10, 2021	285400
Sep 11, 2021	277735
Sep 12, 2021	280265
Sep 13, 2021	257417
Sep 14, 2021	243977
Sep 15, 2021	233506
Sep 16, 2021	223399
Sep 17, 2021	213181
Sep 18, 2021	206989
Sep 19, 2021	209022
Sep 20, 2021	191072
Sep 21, 2021	181217
Sep 22, 2021	172195
Sep 23, 2021	164954
Sep 24, 2021	157510
Sep 25, 2021	153132
Sep 26, 2021	154811
Sep 27, 2021	141508
Sep 28, 2021	135477
Sep 29, 2021	130361
Sep 30, 2021	125585
Oct 01, 2021	120929
Oct 02, 2021	118214
Oct 03, 2021	119917
Oct 04, 2021	110687
Oct 05, 2021	107076
Oct 06, 2021	103935
Oct 07, 2021	101177
Oct 08, 2021	98229
Oct 09, 2021	97172
Oct 10, 2021	99655
Oct 11, 2021	92902
Oct 12, 2021	91950
Oct 13, 2021	91344
Oct 14, 2021	90637
Oct 15, 2021	90728
Oct 16, 2021	90940
Oct 17, 2021	93419
Oct 18, 2021	87675
Oct 19, 2021	87766
Oct 20, 2021	88626
Oct 21, 2021	89804
Oct 22, 2021	91228
Oct 23, 2021	93781
Oct 24, 2021	97667
Oct 25, 2021	93367
Oct 26, 2021	95018
Oct 27, 2021	96944
Oct 28, 2021	98936
Oct 29, 2021	100641
Oct 30, 2021	104015
Oct 31, 2021	109234
Nov 01, 2021	105226
Nov 02, 2021	101619
Nov 03, 2021	106517
Nov 04, 2021	109912
Nov 05, 2021	114032
Nov 06, 2021	119860
Nov 07, 2021	127365
Nov 08, 2021	123583
Nov 09, 2021	130020
Nov 10, 2021	135801
Nov 11, 2021	142054
Nov 12, 2021	139592
Nov 13, 2021	149265
Nov 14, 2021	160465
Nov 15, 2021	157050
Nov 16, 2021	170323
Nov 17, 2021	184153
Nov 18, 2021	198084
Nov 19, 2021	211946
Nov 20, 2021	228322
Nov 21, 2021	246213
Nov 22, 2021	249361
Nov 23, 2021	269761
Nov 24, 2021	292867
Nov 25, 2021	317371
Nov 26, 2021	342185
Nov 27, 2021	370882
Nov 28, 2021	400344
Nov 29, 2021	396048
Nov 30, 2021	431349
Dec 01, 2021	468375
Dec 02, 2021	512924
Dec 03, 2021	548112
Dec 04, 2021	587318
Dec 05, 2021	626349
Dec 06, 2021	617716
Dec 07, 2021	656461
Dec 08, 2021	697474
Dec 09, 2021	733105
Dec 10, 2021	788430
Dec 11, 2021	799808
Dec 12, 2021	838407
Dec 13, 2021	819794
Dec 14, 2021	850693
Dec 15, 2021	882949
Dec 16, 2021	909342
Dec 17, 2021	930278
Dec 18, 2021	957243
Dec 19, 2021	997447
Dec 20, 2021	965196
Dec 21, 2021	988413
Dec 22, 2021	1024328
Dec 23, 2021	1066069
Dec 24, 2021	1108581
Dec 25, 2021	1171023
Dec 26, 2021	1187400
Dec 27, 2021	1158604
Dec 28, 2021	1277037
Dec 29, 2021	1428388
Dec 30, 2021	1579296
Dec 31, 2021	1757767
Jan 01, 2022	1933124
Jan 02, 2022	1979539
Jan 03, 2022	1983416
Jan 04, 2022	2189308
Jan 05, 2022	2460799
Jan 06, 2022	2664194
Jan 07, 2022	2933883
Jan 08, 2022	3189130
Jan 09, 2022	3470204
Jan 10, 2022	3491078
Jan 11, 2022	3774894
Jan 12, 2022	4045100
Jan 13, 2022	4256319
Jan 14, 2022	4481113
Jan 15, 2022	4778039
Jan 16, 2022	5025835
Jan 17, 2022	4947974
Jan 18, 2022	5204565
Jan 19, 2022	5434633
Jan 20, 2022	5627602
Jan 21, 2022	5809339
Jan 22, 2022	6140293
Jan 23, 2022	6374498
Jan 24, 2022	6211015
Jan 25, 2022	6380324
Jan 26, 2022	6547060
Jan 27, 2022	6611004
Jan 28, 2022	6660843
Jan 29, 2022	6697229
Jan 30, 2022	6852832
Jan 31, 2022	6567119
Feb 01, 2022	6622263
Feb 02, 2022	6632409
Feb 03, 2022	6577402
Feb 04, 2022	6493780
Feb 05, 2022	6430378
Feb 06, 2022	6483714
Feb 07, 2022	6064658
Feb 08, 2022	5863484
Feb 09, 2022	5630285
Feb 10, 2022	5370470
Feb 11, 2022	5112507
Feb 12, 2022	4929672
Feb 13, 2022	4907807
Feb 14, 2022	4432369
Feb 15, 2022	4146609
Feb 16, 2022	3853290
Feb 17, 2022	3592121
Feb 18, 2022	3342259
Feb 19, 2022	3169605
Feb 20, 2022	3145985
Feb 21, 2022	2746001
Feb 22, 2022	2523803
Feb 23, 2022	2320685
Feb 24, 2022	2146300
Feb 25, 2022	1989989
Feb 26, 2022	1888260
Feb 27, 2022	1884884
Feb 28, 2022	1662944
Mar 01, 2022	1563147
Mar 02, 2022	1467842
Mar 03, 2022	1396697
Mar 04, 2022	1335874
Mar 05, 2022	1303051
Mar 06, 2022	1321992
Mar 07, 2022	1194091
Mar 08, 2022	1188415
Mar 09, 2022	1165272
Mar 10, 2022	1157585
Mar 11, 2022	1153304
Mar 12, 2022	1166842
Mar 13, 2022	1210091
Mar 14, 2022	1131406
Mar 15, 2022	1181230
Mar 16, 2022	1223303
Mar 17, 2022	1266969
Mar 18, 2022	1310929
Mar 19, 2022	1366483
Mar 20, 2022	1434315
Mar 21, 2022	1378578
Mar 22, 2022	1501677
Mar 23, 2022	1587044
Mar 24, 2022	1677867
Mar 25, 2022	1767763
Mar 26, 2022	1862006
Mar 27, 2022	1957710
Mar 28, 2022	1894007
Mar 29, 2022	2042282
Mar 30, 2022	2136503
Mar 31, 2022	2233425
Apr 01, 2022	2309616
Apr 02, 2022	2381374
Apr 03, 2022	2464824
Apr 04, 2022	2375736
Apr 05, 2022	2469945
Apr 06, 2022	2530149
Apr 07, 2022	2591385
Apr 08, 2022	2642015
Apr 09, 2022	2702474
Apr 10, 2022	2785991
Apr 11, 2022	2630573
Apr 12, 2022	2675794
Apr 13, 2022	2673592
Apr 14, 2022	2667382
Apr 15, 2022	2653241
Apr 16, 2022	2654740
Apr 17, 2022	2711961
Apr 18, 2022	2514278
Apr 19, 2022	2370585
Apr 20, 2022	2356940
Apr 21, 2022	2312360
Apr 22, 2022	2268674
Apr 23, 2022	2247050
Apr 24, 2022	2278391
Apr 25, 2022	2089197
Apr 26, 2022	2024772
Apr 27, 2022	1933709
Apr 28, 2022	1844721
Apr 29, 2022	1755924
Apr 30, 2022	1697849
May 01, 2022	1709112
May 02, 2022	1526939
May 03, 2022	1447590
May 04, 2022	1358179
May 05, 2022	1277002
May 06, 2022	1205655
May 07, 2022	1157011
May 08, 2022	1166533
May 09, 2022	1148344
May 10, 2022	1049091
May 11, 2022	985410
May 12, 2022	933080
May 13, 2022	885268
May 14, 2022	856797
May 15, 2022	865636
May 16, 2022	774043
May 17, 2022	750095
May 18, 2022	720340
May 19, 2022	695276
May 20, 2022	670128
May 21, 2022	655930
May 22, 2022	664147
May 23, 2022	601489
May 24, 2022	585587
May 25, 2022	563405
May 26, 2022	544438
May 27, 2022	511274
May 28, 2022	505554
May 29, 2022	514626
May 30, 2022	462802
May 31, 2022	457654
Jun 01, 2022	447769
Jun 02, 2022	440378
Jun 03, 2022	435052
Jun 04, 2022	437384
Jun 05, 2022	451980
Jun 06, 2022	414428
Jun 07, 2022	396039
Jun 08, 2022	421996
Jun 09, 2022	437850
Jun 10, 2022	455005
Jun 11, 2022	415572
Jun 12, 2022	490583
Jun 13, 2022	466936
Jun 14, 2022	510390
Jun 15, 2022	541118
Jun 16, 2022	589388
Jun 17, 2022	616417
Jun 18, 2022	666707
Jun 19, 2022	690389
Jun 20, 2022	662117
Jun 21, 2022	731179
Jun 22, 2022	783771
Jun 23, 2022	838519
Jun 24, 2022	892600
Jun 25, 2022	973545
Jun 26, 2022	1019293
Jun 27, 2022	1019076
Jun 28, 2022	1112533
Jun 29, 2022	1197095
Jun 30, 2022	1313295
Jul 01, 2022	1438351
Jul 02, 2022	1561012
Jul 03, 2022	1577792
Jul 04, 2022	1528214
Jul 05, 2022	1682880
Jul 06, 2022	1784436
Jul 07, 2022	1895060
Jul 08, 2022	1985806
Jul 09, 2022	2102246
Jul 10, 2022	2172695
Jul 11, 2022	2090147
Jul 12, 2022	2194222
Jul 13, 2022	2242029
Jul 14, 2022	2282107
Jul 15, 2022	2224154
Jul 16, 2022	2281911
Jul 17, 2022	2337952
Jul 18, 2022	2208348
Jul 19, 2022	2217842
Jul 20, 2022	2174497
Jul 21, 2022	2130292
Jul 22, 2022	2082021
Jul 23, 2022	2054418
Jul 24, 2022	2080009
Jul 25, 2022	1884600
Jul 26, 2022	1817558
Jul 27, 2022	1714947
Jul 28, 2022	1625535
Jul 29, 2022	1554668
Jul 30, 2022	1485387
Jul 31, 2022	1492559
Aug 01, 2022	1317756
Aug 02, 2022	1244653
Aug 03, 2022	1164167
Aug 04, 2022	1174942
Aug 05, 2022	1081532
Aug 06, 2022	1036417
Aug 07, 2022	1040192
Aug 08, 2022	911050
Aug 09, 2022	859296
Aug 10, 2022	805531
Aug 11, 2022	755503
Aug 12, 2022	709615
Aug 13, 2022	680832
Aug 14, 2022	685984
Aug 15, 2022	602921
Aug 16, 2022	550566
Aug 17, 2022	534737
Aug 18, 2022	512828
Aug 19, 2022	491808
Aug 20, 2022	480177
Aug 21, 2022	487748
Aug 22, 2022	437205
Aug 23, 2022	427393
Aug 24, 2022	414914
Aug 25, 2022	404172
Aug 26, 2022	393763
Aug 27, 2022	390096
Aug 28, 2022	399107
Aug 29, 2022	364637
Aug 30, 2022	364920
Aug 31, 2022	359866
Sep 01, 2022	355887
Sep 02, 2022	351097
Sep 03, 2022	350388
Sep 04, 2022	358715
Sep 05, 2022	355777
Sep 06, 2022	346957
Sep 07, 2022	343508
Sep 08, 2022	343126
Sep 09, 2022	342370
Sep 10, 2022	347083
Sep 11, 2022	359487
Sep 12, 2022	335059
Sep 13, 2022	355611
Sep 14, 2022	369365
Sep 15, 2022	384512
Sep 16, 2022	395370
Sep 17, 2022	414439
Sep 18, 2022	433768
Sep 19, 2022	411584
Sep 20, 2022	444170
Sep 21, 2022	463789
Sep 22, 2022	485857
Sep 23, 2022	507781
Sep 24, 2022	532930
Sep 25, 2022	560844
Sep 26, 2022	541386
Sep 27, 2022	594894
Sep 28, 2022	628433
Sep 29, 2022	660724
Sep 30, 2022	689467
Oct 01, 2022	719658
Oct 02, 2022	752525
Oct 03, 2022	719327
Oct 04, 2022	774925
Oct 05, 2022	808253
Oct 06, 2022	845101
Oct 07, 2022	873057
Oct 08, 2022	907217
Oct 09, 2022	944616
Oct 10, 2022	902128
Oct 11, 2022	958625
Oct 12, 2022	988139
Oct 13, 2022	1014826
Oct 14, 2022	1035480
Oct 15, 2022	1059553
Oct 16, 2022	1094020
Oct 17, 2022	1029742
Oct 18, 2022	1064009
Oct 19, 2022	1075669
Oct 20, 2022	1084238
Oct 21, 2022	1086717
Oct 22, 2022	1093058
Oct 23, 2022	1115821
Oct 24, 2022	1033471
Oct 25, 2022	1026551
Oct 26, 2022	1002270
Oct 27, 2022	978227
Oct 28, 2022	946750
Oct 29, 2022	926867
Oct 30, 2022	933941
Oct 31, 2022	842894
Nov 01, 2022	804530
Nov 02, 2022	745959
Nov 03, 2022	729331
Nov 04, 2022	703352
Nov 05, 2022	688263
Nov 06, 2022	709432
Nov 07, 2022	615924
Nov 08, 2022	593476
Nov 09, 2022	565430
Nov 10, 2022	543430
Nov 11, 2022	526057
Nov 12, 2022	500182
Nov 13, 2022	520428
Nov 14, 2022	466709
Nov 15, 2022	474485
Nov 16, 2022	472313
Nov 17, 2022	479845
Nov 18, 2022	494312
Nov 19, 2022	524943
Nov 20, 2022	535373
Nov 21, 2022	535170
Nov 22, 2022	594256
Nov 23, 2022	601424
Nov 24, 2022	651978
Nov 25, 2022	644321
Nov 26, 2022	671513
Nov 27, 2022	705535
Nov 28, 2022	674190
Nov 29, 2022	737309
Nov 30, 2022	778620
Dec 01, 2022	821535
Dec 02, 2022	874975
Dec 03, 2022	900757
Dec 04, 2022	934736
Dec 05, 2022	896300
Dec 06, 2022	966925
Dec 07, 2022	1009370
Dec 08, 2022	1043821
Dec 09, 2022	1062210
Dec 10, 2022	1109520
Dec 11, 2022	1126577
Dec 12, 2022	1072608
Dec 13, 2022	1120486
Dec 14, 2022	1140204
Dec 15, 2022	1154124
Dec 16, 2022	1162129
Dec 17, 2022	1177084
Dec 18, 2022	1205009
Dec 19, 2022	1121310
Dec 20, 2022	1124188
Dec 21, 2022	1109551
Dec 22, 2022	1100067
Dec 23, 2022	1090887
Dec 24, 2022	1091725
Dec 25, 2022	1115382
Dec 26, 2022	1110087
Dec 27, 2022	1035352
Dec 28, 2022	913944
Dec 29, 2022	873302
Dec 30, 2022	835645
Dec 31, 2022	811122
Jan 01, 2023	815221
Jan 02, 2023	720338
Jan 03, 2023	673039
Jan 04, 2023	624643
Jan 05, 2023	579799
Jan 06, 2023	537655
Jan 07, 2023	509298
Jan 08, 2023	507620
Jan 09, 2023	438167
Jan 10, 2023	395299
Jan 11, 2023	353444
Jan 12, 2023	316872
Jan 13, 2023	282318
Jan 14, 2023	264140
Jan 15, 2023	262868
Jan 16, 2023	233070
Jan 17, 2023	215351
Jan 18, 2023	196826
Jan 19, 2023	178028
Jan 20, 2023	160687
Jan 21, 2023	149996
Jan 22, 2023	151218
Jan 23, 2023	129258
Jan 24, 2023	122491
Jan 25, 2023	116360
Jan 26, 2023	111236
Jan 27, 2023	106940
Jan 28, 2023	104940
Jan 29, 2023	107040
Jan 30, 2023	96211
Jan 31, 2023	95475
Feb 01, 2023	92826
Feb 02, 2023	90610
Feb 03, 2023	94200
Feb 04, 2023	92062
Feb 05, 2023	90528
Feb 06, 2023	81590
Feb 07, 2023	80794
Feb 08, 2023	79804
Feb 09, 2023	78996
Feb 10, 2023	78035
Feb 11, 2023	77765
Feb 12, 2023	79207
Feb 13, 2023	72600
Feb 14, 2023	72254
Feb 15, 2023	70939
Feb 16, 2023	70287
Feb 17, 2023	69362
Feb 18, 2023	69824
Feb 19, 2023	71841
Feb 20, 2023	65832
Feb 21, 2023	67115
Feb 22, 2023	67672
Feb 23, 2023	68562
Feb 24, 2023	69157
Feb 25, 2023	70397
Feb 26, 2023	72621
Feb 27, 2023	68411
Feb 28, 2023	70089
Mar 01, 2023	70970
Mar 02, 2023	71804
Mar 03, 2023	71811
Mar 04, 2023	73376
Mar 05, 2023	73376
Mar 06, 2023	68594
Mar 07, 2023	68637
Mar 08, 2023	64665
Mar 09, 2023	60644
Mar 10, 2023	58917
Mar 11, 2023	62080
Mar 12, 2023	65740
Mar 13, 2023	61151
Mar 14, 2023	66527
Mar 15, 2023	70389
Mar 16, 2023	74404
Mar 17, 2023	77787
Mar 18, 2023	82081
Mar 19, 2023	86699
Mar 20, 2023	82455
Mar 21, 2023	89477
Mar 22, 2023	95065
Mar 23, 2023	101104
Mar 24, 2023	105944
Mar 25, 2023	114394
Mar 26, 2023	119652
Mar 27, 2023	119594
Mar 28, 2023	132553
Mar 29, 2023	143441
Mar 30, 2023	143477
Mar 31, 2023	140359
Apr 01, 2023	144325
Apr 02, 2023	149117
Apr 03, 2023	140575
Apr 04, 2023	140633
Apr 05, 2023	134217
Apr 06, 2023	136386
Apr 07, 2023	137969
Apr 08, 2023	140277
Apr 09, 2023	145281
Apr 10, 2023	135104
Apr 11, 2023	127226
Apr 12, 2023	132125
Apr 13, 2023	134023
Apr 14, 2023	134947
Apr 15, 2023	137439
Apr 16, 2023	143237
Apr 17, 2023	131715
Apr 18, 2023	131306
Apr 19, 2023	140253
Apr 20, 2023	139243
Apr 21, 2023	138063
Apr 22, 2023	138957
Apr 23, 2023	142512
Apr 24, 2023	143697
Apr 25, 2023	142534
Apr 26, 2023	140786
Apr 27, 2023	138609
Apr 28, 2023	136883
Apr 29, 2023	136182
Apr 30, 2023	138870
May 01, 2023	138084
May 02, 2023	124853
May 03, 2023	122979
May 04, 2023	119673
May 05, 2023	116417
May 06, 2023	115881
May 07, 2023	117771
May 08, 2023	107914
May 09, 2023	100100
May 10, 2023	98658
May 11, 2023	98658
May 12, 2023	93357
May 13, 2023	92163
May 14, 2023	93541
May 15, 2023	85269
May 16, 2023	82815
May 17, 2023	80437
May 18, 2023	80437
May 19, 2023	74293
May 20, 2023	68651
May 21, 2023	64621
May 22, 2023	63059
May 23, 2023	60242
May 24, 2023	59065
May 25, 2023	57780
May 26, 2023	56345
May 27, 2023	56417
May 28, 2023	57942
May 29, 2023	57490
May 30, 2023	51636
May 31, 2023	56894
Jun 01, 2023	51626
Jun 02, 2023	51062
Jun 03, 2023	51358
Jun 04, 2023	52817
Jun 05, 2023	48142
Jun 06, 2023	47532
Jun 07, 2023	50345
Jun 08, 2023	52948
Jun 09, 2023	55249
Jun 10, 2023	57440
Jun 11, 2023	58045
Jun 12, 2023	52476
Jun 13, 2023	50174
Jun 14, 2023	48051
Jun 15, 2023	44872
Jun 16, 2023	44410
Jun 17, 2023	43648
Jun 18, 2023	44136
Jun 19, 2023	43504
Jun 20, 2023	40320
Jun 21, 2023	38332
Jun 22, 2023	36548
Jun 23, 2023	34960
Jun 24, 2023	34118
Jun 25, 2023	34451
Jun 26, 2023	31074
Jun 27, 2023	29966
Jun 28, 2023	28537
Jun 29, 2023	27286
Jun 30, 2023	26257
Jul 01, 2023	26257
Jul 02, 2023	24975
Jul 03, 2023	24643
Jul 04, 2023	22012
Jul 05, 2023	19943
Jul 06, 2023	19398
Jul 07, 2023	16503
Jul 08, 2023	15021
Jul 09, 2023	13941
Jul 10, 2023	13671
Jul 11, 2023	11600
Jul 12, 2023	9898
Jul 13, 2023	8478
Jul 14, 2023	7246
Jul 15, 2023	6029
Jul 16, 2023	5253
Jul 17, 2023	5040
Jul 18, 2023	3360
Jul 19, 2023	2212
Jul 20, 2023	1106
Jul 21, 2023	0
Jul 22, 2023	0
Jul 23, 2023	0
Jul 24, 2023	0
Jul 25, 2023	0
Jul 26, 2023	0
Jul 27, 2023	0
Jul 28, 2023	0
Jul 29, 2023	0
Jul 30, 2023	0
Jul 31, 2023	0
Aug 01, 2023	0
Aug 02, 2023	0
Aug 03, 2023	0
Aug 04, 2023	0
Aug 05, 2023	0
Aug 06, 2023	0
Aug 07, 2023	0
Aug 08, 2023	0
Aug 09, 2023	0
Aug 10, 2023	0
Aug 11, 2023	0
Aug 12, 2023	0
Aug 13, 2023	0
Aug 14, 2023	0
Aug 15, 2023	0
Aug 16, 2023	0
Aug 17, 2023	0
Aug 18, 2023	0
Aug 19, 2023	0
Aug 20, 2023	0
Aug 21, 2023	0
Aug 22, 2023	0
Aug 23, 2023	0
Aug 24, 2023	0
Aug 25, 2023	0
Aug 26, 2023	0
Aug 27, 2023	0
Aug 28, 2023	0
Aug 29, 2023	0
Aug 30, 2023	0
Aug 31, 2023	0
Sep 01, 2023	0
Sep 02, 2023	0
Sep 03, 2023	0
Sep 04, 2023	0
Sep 05, 2023	0
Sep 06, 2023	0
Sep 07, 2023	0
Sep 08, 2023	0
Sep 09, 2023	0
Sep 10, 2023	0
Sep 11, 2023	0
Sep 12, 2023	0
Sep 13, 2023	0
Sep 14, 2023	0
Sep 15, 2023	0
Sep 16, 2023	0
Sep 17, 2023	0
Sep 18, 2023	0
Sep 19, 2023	0
Sep 20, 2023	0
Sep 21, 2023	0
Sep 22, 2023	0
Sep 23, 2023	0
Sep 24, 2023	0
Sep 25, 2023	0
Sep 26, 2023	0
Sep 27, 2023	0
Sep 28, 2023	0
Sep 29, 2023	0
Sep 30, 2023	0
Oct 01, 2023	0
Oct 02, 2023	0
Oct 03, 2023	0
Oct 04, 2023	0
Oct 05, 2023	0
Oct 06, 2023	0
Oct 07, 2023	0
Oct 08, 2023	0
Oct 09, 2023	0
Oct 10, 2023	0
Oct 11, 2023	0
Oct 12, 2023	0
Oct 13, 2023	0
Oct 14, 2023	0
Oct 15, 2023	0
Oct 16, 2023	0
Oct 17, 2023	0
Oct 18, 2023	0
Oct 19, 2023	0
Oct 20, 2023	0
Oct 21, 2023	0
Oct 22, 2023	0
Oct 23, 2023	0
Oct 24, 2023	0
Oct 25, 2023	0
Oct 26, 2023	0
Oct 27, 2023	0
Oct 28, 2023	0
Oct 29, 2023	0
Oct 30, 2023	0
Oct 31, 2023	0
Nov 01, 2023	0
Nov 02, 2023	0
Nov 03, 2023	0
Nov 04, 2023	0
Nov 05, 2023	0
Nov 06, 2023	0
Nov 07, 2023	0
Nov 08, 2023	0
Nov 09, 2023	0
Nov 10, 2023	0
Nov 11, 2023	0
Nov 12, 2023	0
Nov 13, 2023	0
Nov 14, 2023	0
Nov 15, 2023	0
Nov 16, 2023	0
Nov 17, 2023	0
Nov 18, 2023	0
Nov 19, 2023	0
Nov 20, 2023	0
Nov 21, 2023	0
Nov 22, 2023	0
Nov 23, 2023	0
Nov 24, 2023	0
Nov 25, 2023	0
Nov 26, 2023	0
Nov 27, 2023	0
Nov 28, 2023	0
Nov 29, 2023	0
Nov 30, 2023	0
Dec 01, 2023	0
Dec 02, 2023	0
Dec 03, 2023	0
Dec 04, 2023	0
Dec 05, 2023	0
Dec 06, 2023	0
Dec 07, 2023	0
Dec 08, 2023	0
Dec 09, 2023	0
Dec 10, 2023	0
Dec 11, 2023	0
Dec 12, 2023	0
Dec 13, 2023	0
Dec 14, 2023	0
Dec 15, 2023	0
Dec 16, 2023	0
Dec 17, 2023	0
Dec 18, 2023	0
Dec 19, 2023	0
Dec 20, 2023	0
Dec 21, 2023	0
Dec 22, 2023	0
Dec 23, 2023	0
Dec 24, 2023	0
Dec 25, 2023	0
Dec 26, 2023	0
Dec 27, 2023	0
Dec 28, 2023	0
Dec 29, 2023	0
Dec 30, 2023	0
Dec 31, 2023	0
Jan 01, 2024	0
Jan 02, 2024	0
Jan 03, 2024	0
Jan 04, 2024	0
Jan 05, 2024	0
Jan 06, 2024	0
Jan 07, 2024	0
Jan 08, 2024	0
Jan 09, 2024	0
Jan 10, 2024	0
Jan 11, 2024	0
Jan 12, 2024	0
Jan 13, 2024	0
Jan 14, 2024	0
Jan 15, 2024	0
Jan 16, 2024	0
Jan 17, 2024	0
Jan 18, 2024	0
Jan 19, 2024	0
Jan 20, 2024	0
Jan 21, 2024	0
Jan 22, 2024	0
Jan 23, 2024	0
Jan 24, 2024	0
Jan 25, 2024	0
Jan 26, 2024	0
Jan 27, 2024	0
Jan 28, 2024	0
Jan 29, 2024	0
Jan 30, 2024	0
Jan 31, 2024	0
Feb 01, 2024	0
Feb 02, 2024	0
Feb 03, 2024	0
Feb 04, 2024	0
Feb 05, 2024	0
Feb 06, 2024	0
Feb 07, 2024	0
Feb 08, 2024	0
Feb 09, 2024	0
Feb 10, 2024	0
Feb 11, 2024	0
Feb 12, 2024	0
Feb 13, 2024	0
Feb 14, 2024	0
Feb 15, 2024	0
Feb 16, 2024	0
Feb 17, 2024	0
Feb 18, 2024	0
Feb 19, 2024	0
Feb 20, 2024	0
Feb 21, 2024	0
Feb 22, 2024	0
Feb 23, 2024	0
Feb 24, 2024	0
Feb 25, 2024	0
Feb 26, 2024	0
