Feb 15, 2020	0
Feb 16, 2020	0
Feb 17, 2020	4
Feb 18, 2020	2
Feb 19, 2020	0
Feb 20, 2020	4
Feb 21, 2020	1
Feb 22, 2020	0
Feb 23, 2020	0
Feb 24, 2020	0
Feb 25, 2020	1
Feb 26, 2020	0
Feb 27, 2020	1
Feb 28, 2020	0
Feb 29, 2020	0
Mar 01, 2020	0
Mar 02, 2020	0
Mar 03, 2020	0
Mar 04, 2020	0
Mar 05, 2020	1
Mar 06, 2020	1
Mar 07, 2020	0
Mar 08, 2020	0
Mar 09, 2020	0
Mar 10, 2020	0
Mar 11, 2020	7
Mar 12, 2020	0
Mar 13, 2020	21
Mar 14, 2020	0
Mar 15, 2020	0
Mar 16, 2020	21
Mar 17, 2020	0
Mar 18, 2020	38
Mar 19, 2020	10
Mar 20, 2020	65
Mar 21, 2020	29
Mar 22, 2020	57
Mar 23, 2020	187
Mar 24, 2020	2837
Mar 25, 2020	257
Mar 26, 2020	2126
Mar 27, 2020	985
Mar 28, 2020	1823
Mar 29, 2020	730
Mar 30, 2020	4289
Mar 31, 2020	2600
Apr 01, 2020	2600
Apr 02, 2020	3740
Apr 03, 2020	2135
Apr 04, 2020	1825
Apr 05, 2020	2300
Apr 06, 2020	0
Apr 07, 2020	7381
Apr 08, 2020	10219
Apr 09, 2020	6107
Apr 10, 2020	1506
Apr 11, 2020	3487
Apr 12, 2020	2900
Apr 13, 2020	4000
Apr 14, 2020	3900
Apr 15, 2020	4400
Apr 16, 2020	4400
Apr 17, 2020	6114
Apr 18, 2020	2286
Apr 19, 2020	2600
Apr 20, 2020	3500
Apr 21, 2020	3700
Apr 22, 2020	4200
Apr 23, 2020	3900
Apr 24, 2020	3500
Apr 25, 2020	3000
Apr 26, 2020	2200
Apr 27, 2020	2500
Apr 28, 2020	2900
Apr 29, 2020	3000
Apr 30, 2020	3100
May 01, 2020	3400
May 02, 2020	2100
May 03, 2020	1600
May 04, 2020	2100
May 05, 2020	2400
May 06, 2020	2596
May 07, 2020	2204
May 08, 2020	1800
May 09, 2020	1600
May 10, 2020	1100
May 11, 2020	1217
May 12, 2020	1583
May 13, 2020	1500
May 14, 2020	1600
May 15, 2020	1400
May 16, 2020	900
May 17, 2020	800
May 18, 2020	1200
May 19, 2020	1100
May 20, 2020	1200
May 21, 2020	1100
May 22, 2020	1000
May 23, 2020	900
May 24, 2020	400
May 25, 2020	900
May 26, 2020	800
May 27, 2020	800
May 28, 2020	400
May 29, 2020	900
May 30, 2020	800
May 31, 2020	300
Jun 01, 2020	700
Jun 02, 2020	500
Jun 03, 2020	900
Jun 04, 2020	500
Jun 05, 2020	700
Jun 06, 2020	400
Jun 07, 2020	200
Jun 08, 2020	500
Jun 09, 2020	600
Jun 10, 2020	500
Jun 11, 2020	500
Jun 12, 2020	400
Jun 13, 2020	300
Jun 14, 2020	300
Jun 15, 2020	400
Jun 16, 2020	500
Jun 17, 2020	500
Jun 18, 2020	500
Jun 19, 2020	300
Jun 20, 2020	300
Jun 21, 2020	200
Jun 22, 2020	400
Jun 23, 2020	400
Jun 24, 2020	600
Jun 25, 2020	500
Jun 26, 2020	300
Jun 27, 2020	400
Jun 28, 2020	200
Jun 29, 2020	400
Jun 30, 2020	1000
Jul 01, 2020	700
Jul 02, 2020	500
Jul 03, 2020	700
Jul 04, 2020	300
Jul 05, 2020	400
Jul 06, 2020	500
Jul 07, 2020	500
Jul 08, 2020	0
Jul 09, 2020	900
Jul 10, 2020	400
Jul 11, 2020	500
Jul 12, 2020	100
Jul 13, 2020	500
Jul 14, 2020	400
Jul 15, 2020	500
Jul 16, 2020	400
Jul 17, 2020	800
Jul 18, 2020	300
Jul 19, 2020	300
Jul 20, 2020	0
Jul 21, 2020	300
Jul 22, 2020	500
Jul 23, 2020	400
Jul 24, 2020	1400
Jul 25, 2020	200
Jul 26, 2020	0
Jul 27, 2020	800
Jul 28, 2020	600
Jul 29, 2020	0
Jul 30, 2020	0
Jul 31, 2020	300
Aug 01, 2020	1300
Aug 02, 2020	0
Aug 03, 2020	1100
Aug 04, 2020	0
Aug 05, 2020	0
Aug 06, 2020	1500
Aug 07, 2020	0
Aug 08, 2020	1200
Aug 09, 2020	0
Aug 10, 2020	500
Aug 11, 2020	1000
Aug 12, 2020	1000
Aug 13, 2020	900
Aug 14, 2020	1750
Aug 15, 2020	350
Aug 16, 2020	0
Aug 17, 2020	0
Aug 18, 2020	0
Aug 19, 2020	1000
Aug 20, 2020	900
Aug 21, 2020	1000
Aug 22, 2020	3150
Aug 23, 2020	650
Aug 24, 2020	0
Aug 25, 2020	0
Aug 26, 2020	4633
Aug 27, 2020	1262
Aug 28, 2020	1566
Aug 29, 2020	423
Aug 30, 2020	358
Aug 31, 2020	2058
Sep 01, 2020	1900
Sep 02, 2020	1300
Sep 03, 2020	1500
Sep 04, 2020	0
Sep 05, 2020	1608
Sep 06, 2020	0
Sep 07, 2020	792
Sep 08, 2020	3600
Sep 09, 2020	1300
Sep 10, 2020	1400
Sep 11, 2020	0
Sep 12, 2020	2000
Sep 13, 2020	400
Sep 14, 2020	1850
Sep 15, 2020	1550
Sep 16, 2020	0
Sep 17, 2020	2200
Sep 18, 2020	1700
Sep 19, 2020	500
Sep 20, 2020	500
Sep 21, 2020	2300
Sep 22, 2020	1600
Sep 23, 2020	1600
Sep 24, 2020	0
Sep 25, 2020	0
Sep 26, 2020	0
Sep 27, 2020	1300
Sep 28, 2020	1600
Sep 29, 2020	1800
Sep 30, 2020	1800
Oct 01, 2020	1900
Oct 02, 2020	1600
Oct 03, 2020	1300
Oct 04, 2020	1100
Oct 05, 2020	1800
Oct 06, 2020	1900
Oct 07, 2020	2100
Oct 08, 2020	1800
Oct 09, 2020	2300
Oct 10, 2020	1700
Oct 11, 2020	1200
Oct 12, 2020	2200
Oct 13, 2020	2200
Oct 14, 2020	2800
Oct 15, 2020	2700
Oct 16, 2020	3000
Oct 17, 2020	2400
Oct 18, 2020	1900
Oct 19, 2020	2900
Oct 20, 2020	3500
Oct 21, 2020	3800
Oct 22, 2020	4000
Oct 23, 2020	4200
Oct 24, 2020	3800
Oct 25, 2020	3000
Oct 26, 2020	4400
Oct 27, 2020	5200
Oct 28, 2020	6200
Oct 29, 2020	6300
Oct 30, 2020	6500
Oct 31, 2020	0
Nov 01, 2020	10200
Nov 02, 2020	7300
Nov 03, 2020	8300
Nov 04, 2020	9900
Nov 05, 2020	10100
Nov 06, 2020	11100
Nov 07, 2020	9400
Nov 08, 2020	7400
Nov 09, 2020	10100
Nov 10, 2020	11700
Nov 11, 2020	13600
Nov 12, 2020	13000
Nov 13, 2020	13900
Nov 14, 2020	11400
Nov 15, 2020	9300
Nov 16, 2020	12800
Nov 17, 2020	14900
Nov 18, 2020	16400
Nov 19, 2020	16200
Nov 20, 2020	16400
Nov 21, 2020	14000
Nov 22, 2020	10700
Nov 23, 2020	15000
Nov 24, 2020	17800
Nov 25, 2020	19900
Nov 26, 2020	19600
Nov 27, 2020	20000
Nov 28, 2020	14900
Nov 29, 2020	11300
Nov 30, 2020	16700
Dec 01, 2020	19800
Dec 02, 2020	20800
Dec 03, 2020	20400
Dec 04, 2020	20600
Dec 05, 2020	15100
Dec 06, 2020	10700
Dec 07, 2020	16900
Dec 08, 2020	18600
Dec 09, 2020	20200
Dec 10, 2020	20000
Dec 11, 2020	20000
Dec 12, 2020	15400
Dec 13, 2020	10400
Dec 14, 2020	16300
Dec 15, 2020	19100
Dec 16, 2020	21700
Dec 17, 2020	22600
Dec 18, 2020	21900
Dec 19, 2020	16000
Dec 20, 2020	11900
Dec 21, 2020	18000
Dec 22, 2020	21300
Dec 23, 2020	23400
Dec 24, 2020	24300
Dec 25, 2020	21700
Dec 26, 2020	17600
Dec 27, 2020	13000
Dec 28, 2020	19100
Dec 29, 2020	22000
Dec 30, 2020	24900
Dec 31, 2020	25500
Jan 01, 2021	22600
Jan 02, 2021	17300
Jan 03, 2021	13800
Jan 04, 2021	19300
Jan 05, 2021	23500
Jan 06, 2021	26200
Jan 07, 2021	23100
Jan 08, 2021	20100
Jan 09, 2021	17800
Jan 10, 2021	13400
Jan 11, 2021	20200
Jan 12, 2021	24500
Jan 13, 2021	26600
Jan 14, 2021	23600
Jan 15, 2021	21100
Jan 16, 2021	16600
Jan 17, 2021	14100
Jan 18, 2021	19700
Jan 19, 2021	24500
Jan 20, 2021	25500
Jan 21, 2021	20500
Jan 22, 2021	18000
Jan 23, 2021	15200
Jan 24, 2021	12100
Jan 25, 2021	16000
Jan 26, 2021	20500
Jan 27, 2021	22000
Jan 28, 2021	17700
Jan 29, 2021	15100
Jan 30, 2021	13000
Jan 31, 2021	9900
Feb 01, 2021	13900
Feb 02, 2021	18400
Feb 03, 2021	19200
Feb 04, 2021	17800
Feb 05, 2021	17200
Feb 06, 2021	12700
Feb 07, 2021	8300
Feb 08, 2021	12100
Feb 09, 2021	16000
Feb 10, 2021	15800
Feb 11, 2021	14500
Feb 12, 2021	13400
Feb 13, 2021	11000
Feb 14, 2021	7100
Feb 15, 2021	9700
Feb 16, 2021	12600
Feb 17, 2021	13200
Feb 18, 2021	11300
Feb 19, 2021	10400
Feb 20, 2021	8800
Feb 21, 2021	5500
Feb 22, 2021	7400
Feb 23, 2021	9700
Feb 24, 2021	10000
Feb 25, 2021	8800
Feb 26, 2021	9300
Feb 27, 2021	7400
Feb 28, 2021	5200
Mar 01, 2021	7100
Mar 02, 2021	9100
Mar 03, 2021	9800
Mar 04, 2021	9000
Mar 05, 2021	8700
Mar 06, 2021	7300
Mar 07, 2021	4900
Mar 08, 2021	6600
Mar 09, 2021	8700
Mar 10, 2021	9100
Mar 11, 2021	8300
Mar 12, 2021	8600
Mar 13, 2021	7000
Mar 14, 2021	5400
Mar 15, 2021	7100
Mar 16, 2021	9100
Mar 17, 2021	9400
Mar 18, 2021	0
Mar 19, 2021	18100
Mar 20, 2021	7900
Mar 21, 2021	5600
Mar 22, 2021	8200
Mar 23, 2021	10400
Mar 24, 2021	11500
Mar 25, 2021	10900
Mar 26, 2021	11400
Mar 27, 2021	9900
Mar 28, 2021	7100
Mar 29, 2021	10200
Mar 30, 2021	13100
Mar 31, 2021	13900
Apr 01, 2021	13200
Apr 02, 2021	13200
Apr 03, 2021	12200
Apr 04, 2021	9000
Apr 05, 2021	12100
Apr 06, 2021	15600
Apr 07, 2021	17400
Apr 08, 2021	16900
Apr 09, 2021	16200
Apr 10, 2021	13900
Apr 11, 2021	9700
Apr 12, 2021	12700
Apr 13, 2021	16300
Apr 14, 2021	18500
Apr 15, 2021	17400
Apr 16, 2021	15900
Apr 17, 2021	13100
Apr 18, 2021	10100
Apr 19, 2021	12000
Apr 20, 2021	16400
Apr 21, 2021	20500
Apr 22, 2021	21200
Apr 23, 2021	19700
Apr 24, 2021	17300
Apr 25, 2021	11600
Apr 26, 2021	16200
Apr 27, 2021	21300
Apr 28, 2021	22600
Apr 29, 2021	21200
Apr 30, 2021	20000
May 01, 2021	16900
May 02, 2021	12500
May 03, 2021	16100
May 04, 2021	20800
May 05, 2021	23200
May 06, 2021	22600
May 07, 2021	21500
May 08, 2021	18300
May 09, 2021	12100
May 10, 2021	16400
May 11, 2021	21300
May 12, 2021	23400
May 13, 2021	20000
May 14, 2021	18700
May 15, 2021	16500
May 16, 2021	10900
May 17, 2021	14300
May 18, 2021	19600
May 19, 2021	20100
May 20, 2021	17600
May 21, 2021	16600
May 22, 2021	13200
May 23, 2021	9300
May 24, 2021	11700
May 25, 2021	14900
May 26, 2021	15100
May 27, 2021	11600
May 28, 2021	11300
May 29, 2021	10100
May 30, 2021	6800
May 31, 2021	8100
Jun 01, 2021	11600
Jun 02, 2021	11300
Jun 03, 2021	9000
Jun 04, 2021	8400
Jun 05, 2021	6900
Jun 06, 2021	4100
Jun 07, 2021	4700
Jun 08, 2021	7200
Jun 09, 2021	7700
Jun 10, 2021	6200
Jun 11, 2021	5200
Jun 12, 2021	4600
Jun 13, 2021	3200
Jun 14, 2021	3800
Jun 15, 2021	5400
Jun 16, 2021	4900
Jun 17, 2021	3800
Jun 18, 2021	3400
Jun 19, 2021	3100
Jun 20, 2021	1800
Jun 21, 2021	2200
Jun 22, 2021	2900
Jun 23, 2021	3400
Jun 24, 2021	3000
Jun 25, 2021	2300
Jun 26, 2021	1600
Jun 27, 2021	1000
Jun 28, 2021	1400
Jun 29, 2021	1800
Jun 30, 2021	1600
Jul 01, 2021	1500
Jul 02, 2021	1100
Jul 03, 2021	1000
Jul 04, 2021	600
Jul 05, 2021	900
Jul 06, 2021	1200
Jul 07, 2021	1000
Jul 08, 2021	1000
Jul 09, 2021	800
Jul 10, 2021	700
Jul 11, 2021	400
Jul 12, 2021	700
Jul 13, 2021	800
Jul 14, 2021	900
Jul 15, 2021	600
Jul 16, 2021	800
Jul 17, 2021	600
Jul 18, 2021	500
Jul 19, 2021	800
Jul 20, 2021	900
Jul 21, 2021	1000
Jul 22, 2021	600
Jul 23, 2021	700
Jul 24, 2021	800
Jul 25, 2021	800
Jul 26, 2021	1200
Jul 27, 2021	1600
Jul 28, 2021	1400
Jul 29, 2021	1800
Jul 30, 2021	1000
Jul 31, 2021	1400
Aug 01, 2021	1200
Aug 02, 2021	1800
Aug 03, 2021	2000
Aug 04, 2021	1600
Aug 05, 2021	1300
Aug 06, 2021	1500
Aug 07, 2021	1400
Aug 08, 2021	1300
Aug 09, 2021	2000
Aug 10, 2021	2200
Aug 11, 2021	2200
Aug 12, 2021	1900
Aug 13, 2021	2100
Aug 14, 2021	2000
Aug 15, 2021	1700
Aug 16, 2021	2500
Aug 17, 2021	2700
Aug 18, 2021	5700
Aug 19, 2021	3000
Aug 20, 2021	0
Aug 21, 2021	2900
Aug 22, 2021	2300
Aug 23, 2021	3500
Aug 24, 2021	4100
Aug 25, 2021	4300
Aug 26, 2021	3900
Aug 27, 2021	4500
Aug 28, 2021	4300
Aug 29, 2021	3500
Aug 30, 2021	5200
Aug 31, 2021	6100
Sep 01, 2021	6600
Sep 02, 2021	6100
Sep 03, 2021	6900
Sep 04, 2021	6000
Sep 05, 2021	4800
Sep 06, 2021	7100
Sep 07, 2021	8300
Sep 08, 2021	9200
Sep 09, 2021	8500
Sep 10, 2021	8600
Sep 11, 2021	7800
Sep 12, 2021	5600
Sep 13, 2021	8300
Sep 14, 2021	10000
Sep 15, 2021	11100
Sep 16, 2021	10100
Sep 17, 2021	10700
Sep 18, 2021	9000
Sep 19, 2021	6200
Sep 20, 2021	8900
Sep 21, 2021	11500
Sep 22, 2021	12200
Sep 23, 2021	11100
Sep 24, 2021	10600
Sep 25, 2021	8800
Sep 26, 2021	6000
Sep 27, 2021	8700
Sep 28, 2021	11500
Sep 29, 2021	11500
Sep 30, 2021	10400
Oct 01, 2021	10000
Oct 02, 2021	8400
Oct 03, 2021	5800
Oct 04, 2021	8100
Oct 05, 2021	10300
Oct 06, 2021	11900
Oct 07, 2021	10000
Oct 08, 2021	9700
Oct 09, 2021	7800
Oct 10, 2021	5600
Oct 11, 2021	8200
Oct 12, 2021	10400
Oct 13, 2021	10100
Oct 14, 2021	8700
Oct 15, 2021	9000
Oct 16, 2021	7400
Oct 17, 2021	5500
Oct 18, 2021	8000
Oct 19, 2021	9600
Oct 20, 2021	9800
Oct 21, 2021	8400
Oct 22, 2021	9200
Oct 23, 2021	8000
Oct 24, 2021	6400
Oct 25, 2021	8800
Oct 26, 2021	10700
Oct 27, 2021	11200
Oct 28, 2021	9900
Oct 29, 2021	10800
Oct 30, 2021	9700
Oct 31, 2021	8000
Nov 01, 2021	11400
Nov 02, 2021	13700
Nov 03, 2021	14500
Nov 04, 2021	13300
Nov 05, 2021	14200
Nov 06, 2021	12700
Nov 07, 2021	10200
Nov 08, 2021	14500
Nov 09, 2021	17600
Nov 10, 2021	18300
Nov 11, 2021	16700
Nov 12, 2021	17600
Nov 13, 2021	15800
Nov 14, 2021	11900
Nov 15, 2021	16400
Nov 16, 2021	21700
Nov 17, 2021	24900
Nov 18, 2021	23300
Nov 19, 2021	24000
Nov 20, 2021	22100
Nov 21, 2021	16000
Nov 22, 2021	23000
Nov 23, 2021	30700
Nov 24, 2021	32900
Nov 25, 2021	31500
Nov 26, 2021	30900
Nov 27, 2021	27800
Nov 28, 2021	20600
Nov 29, 2021	29100
Nov 30, 2021	40500
Dec 01, 2021	44300
Dec 02, 2021	42100
Dec 03, 2021	43600
Dec 04, 2021	34800
Dec 05, 2021	24400
Dec 06, 2021	37600
Dec 07, 2021	50300
Dec 08, 2021	55300
Dec 09, 2021	52600
Dec 10, 2021	51000
Dec 11, 2021	39000
Dec 12, 2021	27000
Dec 13, 2021	40400
Dec 14, 2021	61600
Dec 15, 2021	62400
Dec 16, 2021	58900
Dec 17, 2021	60800
Dec 18, 2021	44700
Dec 19, 2021	29200
Dec 20, 2021	48100
Dec 21, 2021	65500
Dec 22, 2021	66500
Dec 23, 2021	59400
Dec 24, 2021	56000
Dec 25, 2021	38500
Dec 26, 2021	26200
Dec 27, 2021	43000
Dec 28, 2021	61300
Dec 29, 2021	59600
Dec 30, 2021	54900
Dec 31, 2021	50700
Jan 01, 2022	35300
Jan 02, 2022	22700
Jan 03, 2022	37600
Jan 04, 2022	53300
Jan 05, 2022	49900
Jan 06, 2022	44700
Jan 07, 2022	38300
Jan 08, 2022	27900
Jan 09, 2022	20400
Jan 10, 2022	32000
Jan 11, 2022	47200
Jan 12, 2022	44300
Jan 13, 2022	41500
Jan 14, 2022	36600
Jan 15, 2022	27700
Jan 16, 2022	21300
Jan 17, 2022	36300
Jan 18, 2022	50100
Jan 19, 2022	48300
Jan 20, 2022	41400
Jan 21, 2022	38200
Jan 22, 2022	28100
Jan 23, 2022	23900
Jan 24, 2022	43100
Jan 25, 2022	58100
Jan 26, 2022	56600
Jan 27, 2022	55500
Jan 28, 2022	50900
Jan 29, 2022	38400
Jan 30, 2022	31600
Jan 31, 2022	58200
Feb 01, 2022	82600
Feb 02, 2022	84600
Feb 03, 2022	79600
Feb 04, 2022	84000
Feb 05, 2022	62800
Feb 06, 2022	42100
Feb 07, 2022	84000
Feb 08, 2022	115300
Feb 09, 2022	116500
Feb 10, 2022	113200
Feb 11, 2022	110200
Feb 12, 2022	82100
Feb 13, 2022	57600
Feb 14, 2022	101800
Feb 15, 2022	150300
Feb 16, 2022	164000
Feb 17, 2022	167600
Feb 18, 2022	163700
Feb 19, 2022	110500
Feb 20, 2022	78800
Feb 21, 2022	155600
Feb 22, 2022	201900
Feb 23, 2022	202900
Feb 24, 2022	201700
Feb 25, 2022	193500
Feb 26, 2022	129200
Feb 27, 2022	83800
Feb 28, 2022	168400
Mar 01, 2022	228800
Mar 02, 2022	230800
Mar 03, 2022	226300
Mar 04, 2022	201900
Mar 05, 2022	135100
Mar 06, 2022	85600
Mar 07, 2022	168700
Mar 08, 2022	237100
Mar 09, 2022	228700
Mar 10, 2022	210100
Mar 11, 2022	189500
Mar 12, 2022	120400
Mar 13, 2022	76200
Mar 14, 2022	151500
Mar 15, 2022	212800
Mar 16, 2022	217700
Mar 17, 2022	210600
Mar 18, 2022	181000
Mar 19, 2022	124700
Mar 20, 2022	80600
Mar 21, 2022	151900
Mar 22, 2022	223400
Mar 23, 2022	217000
Mar 24, 2022	207900
Mar 25, 2022	189700
Mar 26, 2022	127300
Mar 27, 2022	72500
Mar 28, 2022	154900
Mar 29, 2022	219500
Mar 30, 2022	226800
Mar 31, 2022	227200
Apr 01, 2022	207100
Apr 02, 2022	132200
Apr 03, 2022	86500
Apr 04, 2022	183900
Apr 05, 2022	251100
Apr 06, 2022	268000
Apr 07, 2022	255200
Apr 08, 2022	237300
Apr 09, 2022	155700
Apr 10, 2022	90700
Apr 11, 2022	203800
Apr 12, 2022	274700
Apr 13, 2022	286200
Apr 14, 2022	265300
Apr 15, 2022	229700
Apr 16, 2022	128400
Apr 17, 2022	77600
Apr 18, 2022	205500
Apr 19, 2022	262100
Apr 20, 2022	261500
Apr 21, 2022	243700
Apr 22, 2022	204900
Apr 23, 2022	121400
Apr 24, 2022	63600
Apr 25, 2022	182200
Apr 26, 2022	240000
Apr 27, 2022	220700
Apr 28, 2022	202400
Apr 29, 2022	139300
Apr 30, 2022	80300
May 01, 2022	48100
May 02, 2022	113200
May 03, 2022	189400
May 04, 2022	182700
May 05, 2022	159200
May 06, 2022	135000
May 07, 2022	70500
May 08, 2022	40900
May 09, 2022	126300
May 10, 2022	163700
May 11, 2022	139800
May 12, 2022	127900
May 13, 2022	71100
May 14, 2022	49700
May 15, 2022	31300
May 16, 2022	57300
May 17, 2022	141900
May 18, 2022	143100
May 19, 2022	126500
May 20, 2022	100800
May 21, 2022	49300
May 22, 2022	26900
May 23, 2022	106100
May 24, 2022	123700
May 25, 2022	99800
May 26, 2022	84700
May 27, 2022	69500
May 28, 2022	33200
May 29, 2022	18300
May 30, 2022	78400
May 31, 2022	95400
Jun 01, 2022	79600
Jun 02, 2022	67800
Jun 03, 2022	56500
Jun 04, 2022	24700
Jun 05, 2022	14300
Jun 06, 2022	69600
Jun 07, 2022	72700
Jun 08, 2022	62200
Jun 09, 2022	44300
Jun 10, 2022	47100
Jun 11, 2022	20400
Jun 12, 2022	12100
Jun 13, 2022	57000
Jun 14, 2022	59200
Jun 15, 2022	50300
Jun 16, 2022	42500
Jun 17, 2022	40200
Jun 18, 2022	17900
Jun 19, 2022	11300
Jun 20, 2022	36400
Jun 21, 2022	55700
Jun 22, 2022	53300
Jun 23, 2022	33500
Jun 24, 2022	45400
Jun 25, 2022	20500
Jun 26, 2022	14700
Jun 27, 2022	59100
Jun 28, 2022	125200
Jun 29, 2022	43900
Jun 30, 2022	53200
Jul 01, 2022	23600
Jul 02, 2022	0
Jul 03, 2022	17000
Jul 04, 2022	143600
Jul 05, 2022	92000
Jul 06, 2022	0
Jul 07, 2022	157500
Jul 08, 2022	0
Jul 09, 2022	29200
Jul 10, 2022	117400
Jul 11, 2022	108200
Jul 12, 2022	95600
Jul 13, 2022	62600
Jul 14, 2022	0
Jul 15, 2022	84100
Jul 16, 2022	28800
Jul 17, 2022	20800
Jul 18, 2022	104100
Jul 19, 2022	119800
Jul 20, 2022	109700
Jul 21, 2022	98100
Jul 22, 2022	89600
Jul 23, 2022	30500
Jul 24, 2022	21400
Jul 25, 2022	116900
Jul 26, 2022	132700
Jul 27, 2022	232300
Jul 28, 2022	0
Jul 29, 2022	95600
Jul 30, 2022	30000
Jul 31, 2022	19900
Aug 01, 2022	121900
Aug 02, 2022	132900
Aug 03, 2022	121800
Aug 04, 2022	105700
Aug 05, 2022	89900
Aug 06, 2022	27800
Aug 07, 2022	19500
Aug 08, 2022	120200
Aug 09, 2022	129700
Aug 10, 2022	117100
Aug 11, 2022	191300
Aug 12, 2022	0
Aug 13, 2022	26100
Aug 14, 2022	17300
Aug 15, 2022	113300
Aug 16, 2022	117700
Aug 17, 2022	100300
Aug 18, 2022	84700
Aug 19, 2022	75200
Aug 20, 2022	23400
Aug 21, 2022	14800
Aug 22, 2022	99400
Aug 23, 2022	97000
Aug 24, 2022	80200
Aug 25, 2022	63200
Aug 26, 2022	55200
Aug 27, 2022	18200
Aug 28, 2022	12100
Aug 29, 2022	71900
Aug 30, 2022	73400
Aug 31, 2022	61600
Sep 01, 2022	51600
Sep 02, 2022	44800
Sep 03, 2022	16000
Sep 04, 2022	10700
Sep 05, 2022	58700
Sep 06, 2022	60600
Sep 07, 2022	49300
Sep 08, 2022	42100
Sep 09, 2022	39600
Sep 10, 2022	13400
Sep 11, 2022	9700
Sep 12, 2022	50100
Sep 13, 2022	55400
Sep 14, 2022	44300
Sep 15, 2022	37400
Sep 16, 2022	33000
Sep 17, 2022	11800
Sep 18, 2022	8900
Sep 19, 2022	45800
Sep 20, 2022	47300
Sep 21, 2022	41500
Sep 22, 2022	33500
Sep 23, 2022	30600
Sep 24, 2022	11600
Sep 25, 2022	8900
Sep 26, 2022	45200
Sep 27, 2022	46500
Sep 28, 2022	37600
Sep 29, 2022	32300
Sep 30, 2022	31000
Oct 01, 2022	12000
Oct 02, 2022	9600
Oct 03, 2022	46100
Oct 04, 2022	47500
Oct 05, 2022	43000
Oct 06, 2022	39100
Oct 07, 2022	37500
Oct 08, 2022	15500
Oct 09, 2022	13100
Oct 10, 2022	57900
Oct 11, 2022	64600
Oct 12, 2022	56800
Oct 13, 2022	51800
Oct 14, 2022	48600
Oct 15, 2022	19100
Oct 16, 2022	14200
Oct 17, 2022	45100
Oct 18, 2022	81100
Oct 19, 2022	85200
Oct 20, 2022	78900
Oct 21, 2022	70700
Oct 22, 2022	26700
Oct 23, 2022	18400
Oct 24, 2022	98600
Oct 25, 2022	111500
Oct 26, 2022	100100
Oct 27, 2022	85300
Oct 28, 2022	79600
Oct 29, 2022	29100
Oct 30, 2022	19500
Oct 31, 2022	54900
Nov 01, 2022	123200
Nov 02, 2022	126500
Nov 03, 2022	116700
Nov 04, 2022	98000
Nov 05, 2022	28100
Nov 06, 2022	20800
Nov 07, 2022	119900
Nov 08, 2022	121200
Nov 09, 2022	101900
Nov 10, 2022	85900
Nov 11, 2022	74800
Nov 12, 2022	21600
Nov 13, 2022	14600
Nov 14, 2022	93000
Nov 15, 2022	91900
Nov 16, 2022	89000
Nov 17, 2022	69600
Nov 18, 2022	58200
Nov 19, 2022	16200
Nov 20, 2022	11600
Nov 21, 2022	73400
Nov 22, 2022	68700
Nov 23, 2022	55000
Nov 24, 2022	44800
Nov 25, 2022	37300
Nov 26, 2022	11400
Nov 27, 2022	9200
Nov 28, 2022	39400
Nov 29, 2022	37800
Nov 30, 2022	48300
Dec 01, 2022	37600
Dec 02, 2022	31100
Dec 03, 2022	9800
Dec 04, 2022	7000
Dec 05, 2022	43200
Dec 06, 2022	40400
Dec 07, 2022	33100
Dec 08, 2022	29300
Dec 09, 2022	0
Dec 10, 2022	37400
Dec 11, 2022	6900
Dec 12, 2022	37700
Dec 13, 2022	37700
Dec 14, 2022	31000
Dec 15, 2022	27400
Dec 16, 2022	27100
Dec 17, 2022	8900
Dec 18, 2022	6400
Dec 19, 2022	37000
Dec 20, 2022	39500
Dec 21, 2022	33300
Dec 22, 2022	29200
Dec 23, 2022	27800
Dec 24, 2022	9700
Dec 25, 2022	7300
Dec 26, 2022	41400
Dec 27, 2022	43100
Dec 28, 2022	37500
Dec 29, 2022	32300
Dec 30, 2022	29800
Dec 31, 2022	11200
Jan 01, 2023	7500
Jan 02, 2023	40900
Jan 03, 2023	46200
Jan 04, 2023	39200
Jan 05, 2023	35200
Jan 06, 2023	31500
Jan 07, 2023	10000
Jan 08, 2023	5900
Jan 09, 2023	29500
Jan 10, 2023	44400
Jan 11, 2023	40900
Jan 12, 2023	62800
Jan 13, 2023	0
Jan 14, 2023	8100
Jan 15, 2023	5600
Jan 16, 2023	40700
Jan 17, 2023	40500
Jan 18, 2023	34900
Jan 19, 2023	30500
Jan 20, 2023	25600
Jan 21, 2023	7100
Jan 22, 2023	4600
Jan 23, 2023	12300
Jan 24, 2023	35200
Jan 25, 2023	27900
Jan 26, 2023	21600
Jan 27, 2023	16300
Jan 28, 2023	4900
Jan 29, 2023	3200
Jan 30, 2023	26400
Jan 31, 2023	24700
Feb 01, 2023	18600
Feb 02, 2023	15100
Feb 03, 2023	10800
Feb 04, 2023	3600
Feb 05, 2023	2900
Feb 06, 2023	20900
Feb 07, 2023	19000
Feb 08, 2023	15200
Feb 09, 2023	12100
Feb 10, 2023	10500
Feb 11, 2023	3200
Feb 12, 2023	2700
Feb 13, 2023	15800
Feb 14, 2023	15800
Feb 15, 2023	12700
Feb 16, 2023	11000
Feb 17, 2023	10100
Feb 18, 2023	3400
Feb 19, 2023	2600
Feb 20, 2023	15200
Feb 21, 2023	16500
Feb 22, 2023	13600
Feb 23, 2023	24000
Feb 24, 2023	0
Feb 25, 2023	3800
Feb 26, 2023	2900
Feb 27, 2023	17900
Feb 28, 2023	19800
Mar 01, 2023	16500
Mar 02, 2023	13900
Mar 03, 2023	13200
Mar 04, 2023	3900
Mar 05, 2023	3100
Mar 06, 2023	17500
Mar 07, 2023	20900
Mar 08, 2023	18300
Mar 09, 2023	16700
Mar 10, 2023	15900
Mar 11, 2023	4600
Mar 12, 2023	3000
Mar 13, 2023	21400
Mar 14, 2023	38200
Mar 15, 2023	0
Mar 16, 2023	13400
Mar 17, 2023	11600
Mar 18, 2023	2800
Mar 19, 2023	2000
Mar 20, 2023	14900
Mar 21, 2023	16300
Mar 22, 2023	16100
Mar 23, 2023	15100
Mar 24, 2023	13500
Mar 25, 2023	3200
Mar 26, 2023	2000
Mar 27, 2023	18100
Mar 28, 2023	16400
Mar 29, 2023	12500
Mar 30, 2023	7600
Mar 31, 2023	6500
Apr 01, 2023	1500
Apr 02, 2023	1100
Apr 03, 2023	8500
Apr 04, 2023	8200
Apr 05, 2023	6900
Apr 06, 2023	5900
Apr 07, 2023	5400
Apr 08, 2023	1300
Apr 09, 2023	1000
Apr 10, 2023	7800
Apr 11, 2023	7100
Apr 12, 2023	5800
Apr 13, 2023	5100
Apr 14, 2023	4100
Apr 15, 2023	1200
Apr 16, 2023	900
Apr 17, 2023	6300
Apr 18, 2023	5700
Apr 19, 2023	4600
Apr 20, 2023	3900
Apr 21, 2023	2900
Apr 22, 2023	800
Apr 23, 2023	700
Apr 24, 2023	4200
Apr 25, 2023	4100
Apr 26, 2023	3400
Apr 27, 2023	3100
Apr 28, 2023	2500
Apr 29, 2023	600
Apr 30, 2023	500
May 01, 2023	3700
May 02, 2023	3100
May 03, 2023	2500
May 04, 2023	2100
May 05, 2023	800
May 06, 2023	500
May 07, 2023	400
May 08, 2023	900
May 09, 2023	3500
May 10, 2023	2300
May 11, 2023	2000
May 12, 2023	1400
May 13, 2023	400
May 14, 2023	400
May 15, 2023	2200
May 16, 2023	2300
May 17, 2023	1800
May 18, 2023	1600
May 19, 2023	1300
May 20, 2023	300
May 21, 2023	300
May 22, 2023	2100
May 23, 2023	1700
May 24, 2023	1400
May 25, 2023	1100
May 26, 2023	1000
May 27, 2023	100
May 28, 2023	300
May 29, 2023	2400
May 30, 2023	1300
May 31, 2023	1000
Jun 01, 2023	1000
Jun 02, 2023	0
Jun 03, 2023	0
Jun 04, 2023	0
Jun 05, 2023	0
Jun 06, 2023	0
Jun 07, 2023	0
Jun 08, 2023	0
Jun 09, 2023	0
Jun 10, 2023	0
Jun 11, 2023	0
Jun 12, 2023	0
Jun 13, 2023	0
Jun 14, 2023	0
Jun 15, 2023	0
Jun 16, 2023	0
Jun 17, 2023	0
Jun 18, 2023	0
Jun 19, 2023	0
Jun 20, 2023	0
Jun 21, 2023	0
Jun 22, 2023	0
Jun 23, 2023	0
Jun 24, 2023	0
Jun 25, 2023	0
Jun 26, 2023	0
Jun 27, 2023	0
Jun 28, 2023	0
Jun 29, 2023	0
Jun 30, 2023	0
Jul 01, 2023	0
Jul 02, 2023	0
Jul 03, 2023	0
Jul 04, 2023	0
Jul 05, 2023	0
Jul 06, 2023	0
Jul 07, 2023	0
Jul 08, 2023	0
Jul 09, 2023	0
Jul 10, 2023	0
Jul 11, 2023	0
Jul 12, 2023	0
Jul 13, 2023	0
Jul 14, 2023	0
Jul 15, 2023	0
Jul 16, 2023	0
Jul 17, 2023	0
Jul 18, 2023	0
Jul 19, 2023	0
Jul 20, 2023	0
Jul 21, 2023	0
Jul 22, 2023	0
Jul 23, 2023	0
Jul 24, 2023	0
Jul 25, 2023	0
Jul 26, 2023	0
Jul 27, 2023	0
Jul 28, 2023	0
Jul 29, 2023	0
Jul 30, 2023	0
Jul 31, 2023	0
Aug 01, 2023	0
Aug 02, 2023	0
Aug 03, 2023	0
Aug 04, 2023	0
Aug 05, 2023	0
Aug 06, 2023	0
Aug 07, 2023	0
Aug 08, 2023	0
Aug 09, 2023	0
Aug 10, 2023	0
Aug 11, 2023	0
Aug 12, 2023	0
Aug 13, 2023	0
Aug 14, 2023	0
Aug 15, 2023	0
Aug 16, 2023	0
Aug 17, 2023	0
Aug 18, 2023	0
Aug 19, 2023	0
Aug 20, 2023	0
Aug 21, 2023	0
Aug 22, 2023	0
Aug 23, 2023	0
Aug 24, 2023	0
Aug 25, 2023	0
Aug 26, 2023	0
Aug 27, 2023	0
Aug 28, 2023	0
Aug 29, 2023	0
Aug 30, 2023	0
Aug 31, 2023	0
Sep 01, 2023	0
Sep 02, 2023	0
Sep 03, 2023	0
Sep 04, 2023	0
Sep 05, 2023	0
Sep 06, 2023	0
Sep 07, 2023	0
Sep 08, 2023	0
Sep 09, 2023	0
Sep 10, 2023	0
Sep 11, 2023	0
Sep 12, 2023	0
Sep 13, 2023	0
Sep 14, 2023	0
Sep 15, 2023	0
Sep 16, 2023	0
Sep 17, 2023	0
Sep 18, 2023	0
Sep 19, 2023	0
Sep 20, 2023	0
Sep 21, 2023	0
Sep 22, 2023	0
Sep 23, 2023	0
Sep 24, 2023	0
Sep 25, 2023	0
Sep 26, 2023	0
Sep 27, 2023	0
Sep 28, 2023	0
Sep 29, 2023	0
Sep 30, 2023	0
Oct 01, 2023	0
Oct 02, 2023	0
Oct 03, 2023	0
Oct 04, 2023	0
Oct 05, 2023	0
Oct 06, 2023	0
Oct 07, 2023	0
Oct 08, 2023	0
Oct 09, 2023	0
Oct 10, 2023	0
Oct 11, 2023	0
Oct 12, 2023	0
Oct 13, 2023	0
Oct 14, 2023	0
Oct 15, 2023	0
Oct 16, 2023	0
Oct 17, 2023	0
Oct 18, 2023	0
Oct 19, 2023	0
Oct 20, 2023	0
Oct 21, 2023	0
Oct 22, 2023	0
Oct 23, 2023	0
Oct 24, 2023	0
Oct 25, 2023	0
Oct 26, 2023	0
Oct 27, 2023	0
Oct 28, 2023	0
Oct 29, 2023	0
Oct 30, 2023	0
Oct 31, 2023	0
Nov 01, 2023	0
Nov 02, 2023	0
Nov 03, 2023	0
Nov 04, 2023	0
Nov 05, 2023	0
Nov 06, 2023	0
Nov 07, 2023	0
Nov 08, 2023	0
Nov 09, 2023	0
Nov 10, 2023	0
Nov 11, 2023	0
Nov 12, 2023	0
Nov 13, 2023	0
Nov 14, 2023	0
Nov 15, 2023	0
Nov 16, 2023	0
Nov 17, 2023	0
Nov 18, 2023	0
Nov 19, 2023	0
Nov 20, 2023	0
Nov 21, 2023	0
Nov 22, 2023	0
Nov 23, 2023	0
Nov 24, 2023	0
Nov 25, 2023	0
Nov 26, 2023	0
Nov 27, 2023	0
Nov 28, 2023	0
Nov 29, 2023	0
Nov 30, 2023	0
Dec 01, 2023	0
Dec 02, 2023	0
Dec 03, 2023	0
Dec 04, 2023	0
Dec 05, 2023	0
Dec 06, 2023	0
Dec 07, 2023	0
Dec 08, 2023	0
Dec 09, 2023	0
Dec 10, 2023	0
Dec 11, 2023	0
Dec 12, 2023	0
Dec 13, 2023	0
Dec 14, 2023	0
Dec 15, 2023	0
Dec 16, 2023	0
Dec 17, 2023	0
Dec 18, 2023	0
Dec 19, 2023	0
Dec 20, 2023	0
Dec 21, 2023	0
Dec 22, 2023	0
Dec 23, 2023	0
Dec 24, 2023	0
Dec 25, 2023	0
Dec 26, 2023	0
Dec 27, 2023	0
Dec 28, 2023	0
Dec 29, 2023	0
Dec 30, 2023	0
Dec 31, 2023	0
Jan 01, 2024	0
Jan 02, 2024	0
Jan 03, 2024	0
Jan 04, 2024	0
Jan 05, 2024	0
Jan 06, 2024	0
Jan 07, 2024	0
Jan 08, 2024	0
Jan 09, 2024	0
Jan 10, 2024	0
Jan 11, 2024	0
Jan 12, 2024	0
Jan 13, 2024	0
Jan 14, 2024	0
Jan 15, 2024	0
Jan 16, 2024	0
Jan 17, 2024	0
Jan 18, 2024	0
Jan 19, 2024	0
Jan 20, 2024	0
Jan 21, 2024	0
Jan 22, 2024	0
Jan 23, 2024	0
Jan 24, 2024	0
Jan 25, 2024	0
Jan 26, 2024	0
Jan 27, 2024	0
Jan 28, 2024	0
Jan 29, 2024	0
Jan 30, 2024	0
Jan 31, 2024	0
Feb 01, 2024	0
Feb 02, 2024	0
Feb 03, 2024	0
Feb 04, 2024	0
Feb 05, 2024	0
Feb 06, 2024	0
Feb 07, 2024	0
Feb 08, 2024	0
Feb 09, 2024	0
Feb 10, 2024	0
Feb 11, 2024	0
Feb 12, 2024	0
Feb 13, 2024	0
Feb 14, 2024	0
Feb 15, 2024	0
Feb 16, 2024	0
Feb 17, 2024	0
Feb 18, 2024	0
Feb 19, 2024	0
Feb 20, 2024	0
Feb 21, 2024	0
Feb 22, 2024	0
Feb 23, 2024	0
Feb 24, 2024	0
Feb 25, 2024	0
Feb 26, 2024	0
Feb 27, 2024	0
Feb 28, 2024	0
Feb 29, 2024	0
Mar 01, 2024	0
Mar 02, 2024	0
