Feb 15, 2020	0
Feb 16, 2020	0
Feb 17, 2020	0
Feb 18, 2020	0
Feb 19, 2020	0
Feb 20, 2020	0
Feb 21, 2020	0
Feb 22, 2020	0
Feb 23, 2020	0
Feb 24, 2020	0
Feb 25, 2020	0
Feb 26, 2020	0
Feb 27, 2020	0
Feb 28, 2020	0
Feb 29, 2020	0
Mar 01, 2020	0
Mar 02, 2020	3
Mar 03, 2020	1
Mar 04, 2020	22
Mar 05, 2020	1
Mar 06, 2020	1
Mar 07, 2020	3
Mar 08, 2020	6
Mar 09, 2020	7
Mar 10, 2020	15
Mar 11, 2020	0
Mar 12, 2020	12
Mar 13, 2020	8
Mar 14, 2020	18
Mar 15, 2020	14
Mar 16, 2020	15
Mar 17, 2020	14
Mar 18, 2020	26
Mar 19, 2020	25
Mar 20, 2020	55
Mar 21, 2020	83
Mar 22, 2020	64
Mar 23, 2020	103
Mar 24, 2020	37
Mar 25, 2020	121
Mar 26, 2020	70
Mar 27, 2020	160
Mar 28, 2020	100
Mar 29, 2020	37
Mar 30, 2020	227
Mar 31, 2020	146
Apr 01, 2020	601
Apr 02, 2020	545
Apr 03, 2020	516
Apr 04, 2020	529
Apr 05, 2020	701
Apr 06, 2020	489
Apr 07, 2020	573
Apr 08, 2020	565
Apr 09, 2020	809
Apr 10, 2020	875
Apr 11, 2020	846
Apr 12, 2020	759
Apr 13, 2020	1248
Apr 14, 2020	1034
Apr 15, 2020	883
Apr 16, 2020	1060
Apr 17, 2020	922
Apr 18, 2020	2013
Apr 19, 2020	1250
Apr 20, 2020	924
Apr 21, 2020	1541
Apr 22, 2020	1290
Apr 23, 2020	1669
Apr 24, 2020	1408
Apr 25, 2020	1836
Apr 26, 2020	1607
Apr 27, 2020	1561
Apr 28, 2020	1873
Apr 29, 2020	1738
Apr 30, 2020	1801
May 01, 2020	2394
May 02, 2020	2442
May 03, 2020	2806
May 04, 2020	3932
May 05, 2020	2963
May 06, 2020	3587
May 07, 2020	3364
May 08, 2020	3344
May 09, 2020	3113
May 10, 2020	4353
May 11, 2020	3607
May 12, 2020	3524
May 13, 2020	3763
May 14, 2020	3942
May 15, 2020	3787
May 16, 2020	4864
May 17, 2020	5050
May 18, 2020	4630
May 19, 2020	6147
May 20, 2020	5553
May 21, 2020	6198
May 22, 2020	6568
May 23, 2020	6629
May 24, 2020	7113
May 25, 2020	6414
May 26, 2020	5843
May 27, 2020	7293
May 28, 2020	7300
May 29, 2020	8105
May 30, 2020	8336
May 31, 2020	8782
Jun 01, 2020	7761
Jun 02, 2020	8821
Jun 03, 2020	9633
Jun 04, 2020	9889
Jun 05, 2020	9471
Jun 06, 2020	10438
Jun 07, 2020	10864
Jun 08, 2020	8442
Jun 09, 2020	8852
Jun 10, 2020	12375
Jun 11, 2020	11128
Jun 12, 2020	11320
Jun 13, 2020	12023
Jun 14, 2020	11157
Jun 15, 2020	10243
Jun 16, 2020	11135
Jun 17, 2020	13103
Jun 18, 2020	13827
Jun 19, 2020	14721
Jun 20, 2020	15915
Jun 21, 2020	15183
Jun 22, 2020	13540
Jun 23, 2020	15665
Jun 24, 2020	16870
Jun 25, 2020	18185
Jun 26, 2020	18276
Jun 27, 2020	20131
Jun 28, 2020	19620
Jun 29, 2020	18339
Jun 30, 2020	18256
Jul 01, 2020	19428
Jul 02, 2020	21948
Jul 03, 2020	22721
Jul 04, 2020	24015
Jul 05, 2020	23932
Jul 06, 2020	22510
Jul 07, 2020	23135
Jul 08, 2020	25571
Jul 09, 2020	25790
Jul 10, 2020	27761
Jul 11, 2020	27755
Jul 12, 2020	29108
Jul 13, 2020	28179
Jul 14, 2020	29842
Jul 15, 2020	32682
Jul 16, 2020	35468
Jul 17, 2020	34820
Jul 18, 2020	37407
Jul 19, 2020	40243
Jul 20, 2020	36810
Jul 21, 2020	39168
Jul 22, 2020	45599
Jul 23, 2020	48446
Jul 24, 2020	48892
Jul 25, 2020	48472
Jul 26, 2020	50525
Jul 27, 2020	46484
Jul 28, 2020	49632
Jul 29, 2020	52249
Jul 30, 2020	54966
Jul 31, 2020	57704
Aug 01, 2020	54865
Aug 02, 2020	52783
Aug 03, 2020	50629
Aug 04, 2020	51282
Aug 05, 2020	56626
Aug 06, 2020	62170
Aug 07, 2020	61455
Aug 08, 2020	65156
Aug 09, 2020	62117
Aug 10, 2020	53016
Aug 11, 2020	61252
Aug 12, 2020	67066
Aug 13, 2020	64142
Aug 14, 2020	65609
Aug 15, 2020	63986
Aug 16, 2020	58108
Aug 17, 2020	54288
Aug 18, 2020	65022
Aug 19, 2020	69196
Aug 20, 2020	68507
Aug 21, 2020	69039
Aug 22, 2020	70068
Aug 23, 2020	61749
Aug 24, 2020	59696
Aug 25, 2020	66873
Aug 26, 2020	75995
Aug 27, 2020	76826
Aug 28, 2020	76665
Aug 29, 2020	78472
Aug 30, 2020	79457
Aug 31, 2020	68770
Sep 01, 2020	78169
Sep 02, 2020	82860
Sep 03, 2020	84156
Sep 04, 2020	87115
Sep 05, 2020	90600
Sep 06, 2020	91723
Sep 07, 2020	75022
Sep 08, 2020	89852
Sep 09, 2020	95529
Sep 10, 2020	96760
Sep 11, 2020	97654
Sep 12, 2020	94409
Sep 13, 2020	93215
Sep 14, 2020	81911
Sep 15, 2020	91120
Sep 16, 2020	97859
Sep 17, 2020	96793
Sep 18, 2020	92789
Sep 19, 2020	92755
Sep 20, 2020	87382
Sep 21, 2020	74493
Sep 22, 2020	80391
Sep 23, 2020	89688
Sep 24, 2020	85919
Sep 25, 2020	85468
Sep 26, 2020	89010
Sep 27, 2020	82767
Sep 28, 2020	69671
Sep 29, 2020	80500
Sep 30, 2020	86748
Oct 01, 2020	81693
Oct 02, 2020	79974
Oct 03, 2020	75479
Oct 04, 2020	74767
Oct 05, 2020	59893
Oct 06, 2020	72106
Oct 07, 2020	78809
Oct 08, 2020	70824
Oct 09, 2020	73196
Oct 10, 2020	74535
Oct 11, 2020	67757
Oct 12, 2020	54265
Oct 13, 2020	63517
Oct 14, 2020	67988
Oct 15, 2020	60439
Oct 16, 2020	65126
Oct 17, 2020	62092
Oct 18, 2020	55511
Oct 19, 2020	46498
Oct 20, 2020	54422
Oct 21, 2020	56000
Oct 22, 2020	54482
Oct 23, 2020	54028
Oct 24, 2020	50224
Oct 25, 2020	45158
Oct 26, 2020	36838
Oct 27, 2020	42965
Oct 28, 2020	49912
Oct 29, 2020	49281
Oct 30, 2020	48120
Oct 31, 2020	46715
Nov 01, 2020	46441
Nov 02, 2020	37592
Nov 03, 2020	46033
Nov 04, 2020	50465
Nov 05, 2020	47622
Nov 06, 2020	49851
Nov 07, 2020	46318
Nov 08, 2020	46661
Nov 09, 2020	37211
Nov 10, 2020	44679
Nov 11, 2020	48285
Nov 12, 2020	43861
Nov 13, 2020	45343
Nov 14, 2020	41659
Nov 15, 2020	30715
Nov 16, 2020	28555
Nov 17, 2020	38532
Nov 18, 2020	45439
Nov 19, 2020	46182
Nov 20, 2020	46288
Nov 21, 2020	45295
Nov 22, 2020	44404
Nov 23, 2020	37410
Nov 24, 2020	44276
Nov 25, 2020	44699
Nov 26, 2020	43174
Nov 27, 2020	41353
Nov 28, 2020	41815
Nov 29, 2020	39036
Nov 30, 2020	31179
Dec 01, 2020	36456
Dec 02, 2020	33761
Dec 03, 2020	38309
Dec 04, 2020	36638
Dec 05, 2020	36111
Dec 06, 2020	32272
Dec 07, 2020	27107
Dec 08, 2020	32067
Dec 09, 2020	26351
Dec 10, 2020	34666
Dec 11, 2020	30034
Dec 12, 2020	30354
Dec 13, 2020	27336
Dec 14, 2020	21791
Dec 15, 2020	26401
Dec 16, 2020	18164
Dec 17, 2020	26762
Dec 18, 2020	26991
Dec 19, 2020	26834
Dec 20, 2020	24589
Dec 21, 2020	19174
Dec 22, 2020	23886
Dec 23, 2020	24236
Dec 24, 2020	23924
Dec 25, 2020	22350
Dec 26, 2020	18574
Dec 27, 2020	20333
Dec 28, 2020	16072
Dec 29, 2020	20529
Dec 30, 2020	21957
Dec 31, 2020	19046
Jan 01, 2021	17080
Jan 02, 2021	21222
Jan 03, 2021	16660
Jan 04, 2021	16278
Jan 05, 2021	17909
Jan 06, 2021	20460
Jan 07, 2021	18106
Jan 08, 2021	18482
Jan 09, 2021	18820
Jan 10, 2021	16085
Jan 11, 2021	12482
Jan 12, 2021	15903
Jan 13, 2021	17015
Jan 14, 2021	15677
Jan 15, 2021	15151
Jan 16, 2021	15051
Jan 17, 2021	13962
Jan 18, 2021	9975
Jan 19, 2021	13795
Jan 20, 2021	15277
Jan 21, 2021	14481
Jan 22, 2021	14344
Jan 23, 2021	14891
Jan 24, 2021	13239
Jan 25, 2021	9036
Jan 26, 2021	12569
Jan 27, 2021	11752
Jan 28, 2021	18940
Jan 29, 2021	13055
Jan 30, 2021	13065
Jan 31, 2021	11528
Feb 01, 2021	8587
Feb 02, 2021	11000
Feb 03, 2021	12917
Feb 04, 2021	12410
Feb 05, 2021	11689
Feb 06, 2021	11948
Feb 07, 2021	11673
Feb 08, 2021	8947
Feb 09, 2021	10510
Feb 10, 2021	12760
Feb 11, 2021	9353
Feb 12, 2021	12137
Feb 13, 2021	12188
Feb 14, 2021	11434
Feb 15, 2021	9139
Feb 16, 2021	11795
Feb 17, 2021	12440
Feb 18, 2021	12643
Feb 19, 2021	14587
Feb 20, 2021	14315
Feb 21, 2021	13980
Feb 22, 2021	10792
Feb 23, 2021	13463
Feb 24, 2021	17144
Feb 25, 2021	16568
Feb 26, 2021	16056
Feb 27, 2021	17346
Feb 28, 2021	15616
Mar 01, 2021	11563
Mar 02, 2021	15704
Mar 03, 2021	17425
Mar 04, 2021	16824
Mar 05, 2021	18292
Mar 06, 2021	18716
Mar 07, 2021	18691
Mar 08, 2021	15353
Mar 09, 2021	16846
Mar 10, 2021	22841
Mar 11, 2021	21668
Mar 12, 2021	27512
Mar 13, 2021	25153
Mar 14, 2021	26514
Mar 15, 2021	24437
Mar 16, 2021	28869
Mar 17, 2021	35838
Mar 18, 2021	39643
Mar 19, 2021	40950
Mar 20, 2021	43815
Mar 21, 2021	47009
Mar 22, 2021	40611
Mar 23, 2021	47264
Mar 24, 2021	53419
Mar 25, 2021	59069
Mar 26, 2021	62291
Mar 27, 2021	62631
Mar 28, 2021	68206
Mar 29, 2021	56119
Mar 30, 2021	53158
Mar 31, 2021	72182
Apr 01, 2021	81441
Apr 02, 2021	89019
Apr 03, 2021	92998
Apr 04, 2021	103793
Apr 05, 2021	96557
Apr 06, 2021	115269
Apr 07, 2021	126315
Apr 08, 2021	131893
Apr 09, 2021	144829
Apr 10, 2021	152682
Apr 11, 2021	169914
Apr 12, 2021	160694
Apr 13, 2021	185248
Apr 14, 2021	199569
Apr 15, 2021	216850
Apr 16, 2021	233943
Apr 17, 2021	260778
Apr 18, 2021	275306
Apr 19, 2021	256947
Apr 20, 2021	294290
Apr 21, 2021	315802
Apr 22, 2021	332503
Apr 23, 2021	345147
Apr 24, 2021	349313
Apr 25, 2021	354531
Apr 26, 2021	319435
Apr 27, 2021	362902
Apr 28, 2021	379459
Apr 29, 2021	386888
Apr 30, 2021	402110
May 01, 2021	392562
May 02, 2021	370059
May 03, 2021	355828
May 04, 2021	382691
May 05, 2021	412618
May 06, 2021	414433
May 07, 2021	401326
May 08, 2021	409300
May 09, 2021	366499
May 10, 2021	329517
May 11, 2021	348499
May 12, 2021	362406
May 13, 2021	343288
May 14, 2021	326123
May 15, 2021	310822
May 16, 2021	281860
May 17, 2021	263045
May 18, 2021	267174
May 19, 2021	276261
May 20, 2021	259269
May 21, 2021	254395
May 22, 2021	243777
May 23, 2021	222835
May 24, 2021	195815
May 25, 2021	208886
May 26, 2021	211553
May 27, 2021	179770
May 28, 2021	171726
May 29, 2021	174041
May 30, 2021	153485
May 31, 2021	126698
Jun 01, 2021	133228
Jun 02, 2021	134105
Jun 03, 2021	131371
Jun 04, 2021	121476
Jun 05, 2021	114537
Jun 06, 2021	101232
Jun 07, 2021	87345
Jun 08, 2021	91227
Jun 09, 2021	93896
Jun 10, 2021	91266
Jun 11, 2021	84695
Jun 12, 2021	81005
Jun 13, 2021	68400
Jun 14, 2021	62597
Jun 15, 2021	62226
Jun 16, 2021	67294
Jun 17, 2021	62409
Jun 18, 2021	60800
Jun 19, 2021	58588
Jun 20, 2021	53009
Jun 21, 2021	39096
Jun 22, 2021	54393
Jun 23, 2021	54319
Jun 24, 2021	51248
Jun 25, 2021	49052
Jun 26, 2021	49851
Jun 27, 2021	46643
Jun 28, 2021	37037
Jun 29, 2021	45699
Jun 30, 2021	48878
Jul 01, 2021	43360
Jul 02, 2021	47252
Jul 03, 2021	43296
Jul 04, 2021	40387
Jul 05, 2021	34067
Jul 06, 2021	43957
Jul 07, 2021	45674
Jul 08, 2021	43538
Jul 09, 2021	42648
Jul 10, 2021	41475
Jul 11, 2021	37676
Jul 12, 2021	30827
Jul 13, 2021	40215
Jul 14, 2021	41854
Jul 15, 2021	39072
Jul 16, 2021	38112
Jul 17, 2021	41283
Jul 18, 2021	38325
Jul 19, 2021	29424
Jul 20, 2021	42123
Jul 21, 2021	41697
Jul 22, 2021	34865
Jul 23, 2021	39498
Jul 24, 2021	40284
Jul 25, 2021	38153
Jul 26, 2021	30844
Jul 27, 2021	42928
Jul 28, 2021	43211
Jul 29, 2021	44673
Jul 30, 2021	41499
Jul 31, 2021	41790
Aug 01, 2021	40784
Aug 02, 2021	30031
Aug 03, 2021	42566
Aug 04, 2021	42817
Aug 05, 2021	45001
Aug 06, 2021	38700
Aug 07, 2021	39070
Aug 08, 2021	36035
Aug 09, 2021	27429
Aug 10, 2021	36316
Aug 11, 2021	43641
Aug 12, 2021	40078
Aug 13, 2021	38775
Aug 14, 2021	36127
Aug 15, 2021	33221
Aug 16, 2021	24725
Aug 17, 2021	35201
Aug 18, 2021	35797
Aug 19, 2021	37312
Aug 20, 2021	34296
Aug 21, 2021	31043
Aug 22, 2021	25420
Aug 23, 2021	11385
Aug 24, 2021	51016
Aug 25, 2021	46397
Aug 26, 2021	44558
Aug 27, 2021	46805
Aug 28, 2021	45058
Aug 29, 2021	43381
Aug 30, 2021	30251
Aug 31, 2021	43072
Sep 01, 2021	45971
Sep 02, 2021	45482
Sep 03, 2021	42346
Sep 04, 2021	42924
Sep 05, 2021	39521
Sep 06, 2021	30184
Sep 07, 2021	38130
Sep 08, 2021	43406
Sep 09, 2021	24148
Sep 10, 2021	37873
Sep 11, 2021	31291
Sep 12, 2021	31374
Sep 13, 2021	24479
Sep 14, 2021	27491
Sep 15, 2021	30361
Sep 16, 2021	34649
Sep 17, 2021	35367
Sep 18, 2021	31121
Sep 19, 2021	30809
Sep 20, 2021	24925
Sep 21, 2021	27333
Sep 22, 2021	31957
Sep 23, 2021	31458
Sep 24, 2021	29580
Sep 25, 2021	28149
Sep 26, 2021	27022
Sep 27, 2021	14905
Sep 28, 2021	21901
Sep 29, 2021	23139
Sep 30, 2021	27300
Oct 01, 2021	23910
Oct 02, 2021	23161
Oct 03, 2021	21684
Oct 04, 2021	16762
Oct 05, 2021	19380
Oct 06, 2021	22617
Oct 07, 2021	21463
Oct 08, 2021	19870
Oct 09, 2021	17940
Oct 10, 2021	19018
Oct 11, 2021	13186
Oct 12, 2021	16021
Oct 13, 2021	19180
Oct 14, 2021	17004
Oct 15, 2021	16003
Oct 16, 2021	14073
Oct 17, 2021	14289
Oct 18, 2021	12338
Oct 19, 2021	14936
Oct 20, 2021	18359
Oct 21, 2021	15759
Oct 22, 2021	16331
Oct 23, 2021	16071
Oct 24, 2021	14641
Oct 25, 2021	11873
Oct 26, 2021	13508
Oct 27, 2021	16342
Oct 28, 2021	14323
Oct 29, 2021	14189
Oct 30, 2021	12958
Oct 31, 2021	12935
Nov 01, 2021	9769
Nov 02, 2021	10796
Nov 03, 2021	13965
Nov 04, 2021	12265
Nov 05, 2021	11680
Nov 06, 2021	10879
Nov 07, 2021	11648
Nov 08, 2021	7841
Nov 09, 2021	12331
Nov 10, 2021	14884
Nov 11, 2021	12516
Nov 12, 2021	11850
Nov 13, 2021	11271
Nov 14, 2021	10229
Nov 15, 2021	8865
Nov 16, 2021	10197
Nov 17, 2021	11919
Nov 18, 2021	11106
Nov 19, 2021	10302
Nov 20, 2021	10488
Nov 21, 2021	8488
Nov 22, 2021	7579
Nov 23, 2021	9283
Nov 24, 2021	9119
Nov 25, 2021	10549
Nov 26, 2021	8318
Nov 27, 2021	8774
Nov 28, 2021	8309
Nov 29, 2021	6990
Nov 30, 2021	8954
Dec 01, 2021	9765
Dec 02, 2021	9216
Dec 03, 2021	8603
Dec 04, 2021	8895
Dec 05, 2021	8306
Dec 06, 2021	6822
Dec 07, 2021	8439
Dec 08, 2021	9419
Dec 09, 2021	8503
Dec 10, 2021	7992
Dec 11, 2021	7774
Dec 12, 2021	7350
Dec 13, 2021	5784
Dec 14, 2021	6986
Dec 15, 2021	8039
Dec 16, 2021	7380
Dec 17, 2021	7145
Dec 18, 2021	7081
Dec 19, 2021	6563
Dec 20, 2021	5326
Dec 21, 2021	6317
Dec 22, 2021	7495
Dec 23, 2021	6681
Dec 24, 2021	7158
Dec 25, 2021	6987
Dec 26, 2021	6531
Dec 27, 2021	6358
Dec 28, 2021	9195
Dec 29, 2021	13154
Dec 30, 2021	16764
Dec 31, 2021	22775
Jan 01, 2022	27553
Jan 02, 2022	33750
Jan 03, 2022	37379
Jan 04, 2022	58097
Jan 05, 2022	90928
Jan 06, 2022	117100
Jan 07, 2022	141986
Jan 08, 2022	159632
Jan 09, 2022	180438
Jan 10, 2022	167348
Jan 11, 2022	194720
Jan 12, 2022	247417
Jan 13, 2022	264202
Jan 14, 2022	268833
Jan 15, 2022	271202
Jan 16, 2022	258089
Jan 17, 2022	238018
Jan 18, 2022	282970
Jan 19, 2022	317532
Jan 20, 2022	347254
Jan 21, 2022	337704
Jan 22, 2022	333533
Jan 23, 2022	306064
Jan 24, 2022	255874
Jan 25, 2022	285914
Jan 26, 2022	286384
Jan 27, 2022	251209
Jan 28, 2022	235532
Jan 29, 2022	234281
Jan 30, 2022	209918
Jan 31, 2022	167059
Feb 01, 2022	161386
Feb 02, 2022	172433
Feb 03, 2022	149394
Feb 04, 2022	127952
Feb 05, 2022	107474
Feb 06, 2022	83876
Feb 07, 2022	67597
Feb 08, 2022	71365
Feb 09, 2022	67084
Feb 10, 2022	58077
Feb 11, 2022	50407
Feb 12, 2022	44877
Feb 13, 2022	34113
Feb 14, 2022	27409
Feb 15, 2022	30615
Feb 16, 2022	30757
Feb 17, 2022	25920
Feb 18, 2022	22270
Feb 19, 2022	19968
Feb 20, 2022	16051
Feb 21, 2022	13405
Feb 22, 2022	15102
Feb 23, 2022	14148
Feb 24, 2022	13166
Feb 25, 2022	11499
Feb 26, 2022	10273
Feb 27, 2022	8013
Feb 28, 2022	6915
Mar 01, 2022	7554
Mar 02, 2022	6561
Mar 03, 2022	6396
Mar 04, 2022	5921
Mar 05, 2022	5476
Mar 06, 2022	4362
Mar 07, 2022	3993
Mar 08, 2022	4575
Mar 09, 2022	4184
Mar 10, 2022	4194
Mar 11, 2022	3614
Mar 12, 2022	3116
Mar 13, 2022	2503
Mar 14, 2022	2568
Mar 15, 2022	2876
Mar 16, 2022	2539
Mar 17, 2022	2528
Mar 18, 2022	2075
Mar 19, 2022	1761
Mar 20, 2022	1549
Mar 21, 2022	1581
Mar 22, 2022	1778
Mar 23, 2022	1938
Mar 24, 2022	1685
Mar 25, 2022	1660
Mar 26, 2022	1421
Mar 27, 2022	1270
Mar 28, 2022	1259
Mar 29, 2022	1233
Mar 30, 2022	1225
Mar 31, 2022	1335
Apr 01, 2022	1260
Apr 02, 2022	1096
Apr 03, 2022	913
Apr 04, 2022	795
Apr 05, 2022	1086
Apr 06, 2022	1033
Apr 07, 2022	1109
Apr 08, 2022	1150
Apr 09, 2022	1054
Apr 10, 2022	861
Apr 11, 2022	796
Apr 12, 2022	1088
Apr 13, 2022	1007
Apr 14, 2022	949
Apr 15, 2022	975
Apr 16, 2022	1150
Apr 17, 2022	2183
Apr 18, 2022	1247
Apr 19, 2022	2067
Apr 20, 2022	2380
Apr 21, 2022	2451
Apr 22, 2022	2527
Apr 23, 2022	2593
Apr 24, 2022	2541
Apr 25, 2022	2011
Apr 26, 2022	3569
Apr 27, 2022	3133
Apr 28, 2022	3687
Apr 29, 2022	3378
Apr 30, 2022	3324
May 01, 2022	3314
May 02, 2022	2664
May 03, 2022	3235
May 04, 2022	2992
May 05, 2022	3155
May 06, 2022	4195
May 07, 2022	3765
May 08, 2022	2893
May 09, 2022	2288
May 10, 2022	2897
May 11, 2022	2827
May 12, 2022	3187
May 13, 2022	2512
May 14, 2022	2487
May 15, 2022	2202
May 16, 2022	1569
May 17, 2022	1829
May 18, 2022	2364
May 19, 2022	2259
May 20, 2022	2510
May 21, 2022	2039
May 22, 2022	2022
May 23, 2022	1675
May 24, 2022	2124
May 25, 2022	2628
May 26, 2022	2710
May 27, 2022	2685
May 28, 2022	2828
May 29, 2022	2706
May 30, 2022	2833
May 31, 2022	2784
Jun 01, 2022	4372
Jun 02, 2022	3861
Jun 03, 2022	2273
Jun 04, 2022	6208
Jun 05, 2022	3255
Jun 06, 2022	3714
Jun 07, 2022	5233
Jun 08, 2022	7240
Jun 09, 2022	9743
Jun 10, 2022	6170
Jun 11, 2022	8582
Jun 12, 2022	9987
Jun 13, 2022	4691
Jun 14, 2022	8822
Jun 15, 2022	14090
Jun 16, 2022	10970
Jun 17, 2022	13216
Jun 18, 2022	12899
Jun 19, 2022	14357
Jun 20, 2022	9796
Jun 21, 2022	13812
Jun 22, 2022	12940
Jun 23, 2022	17419
Jun 24, 2022	16048
Jun 25, 2022	10267
Jun 26, 2022	15715
Jun 27, 2022	13562
Jun 28, 2022	15825
Jun 29, 2022	15731
Jun 30, 2022	19118
Jul 01, 2022	17237
Jul 02, 2022	13910
Jul 03, 2022	16135
Jul 04, 2022	14224
Jul 05, 2022	15021
Jul 06, 2022	21075
Jul 07, 2022	18418
Jul 08, 2022	17092
Jul 09, 2022	20441
Jul 10, 2022	14494
Jul 11, 2022	13615
Jul 12, 2022	19211
Jul 13, 2022	17834
Jul 14, 2022	20038
Jul 15, 2022	20044
Jul 16, 2022	20528
Jul 17, 2022	16935
Jul 18, 2022	15528
Jul 19, 2022	20557
Jul 20, 2022	21566
Jul 21, 2022	21880
Jul 22, 2022	21411
Jul 23, 2022	20279
Jul 24, 2022	16866
Jul 25, 2022	14830
Jul 26, 2022	18313
Jul 27, 2022	20557
Jul 28, 2022	20409
Jul 29, 2022	20408
Jul 30, 2022	19673
Jul 31, 2022	16464
Aug 01, 2022	13734
Aug 02, 2022	17135
Aug 03, 2022	19893
Aug 04, 2022	20551
Aug 05, 2022	19406
Aug 06, 2022	18738
Aug 07, 2022	16167
Aug 08, 2022	12751
Aug 09, 2022	16047
Aug 10, 2022	16299
Aug 11, 2022	16561
Aug 12, 2022	15815
Aug 13, 2022	14092
Aug 14, 2022	14917
Aug 15, 2022	8813
Aug 16, 2022	9062
Aug 17, 2022	12608
Aug 18, 2022	15754
Aug 19, 2022	13272
Aug 20, 2022	11539
Aug 21, 2022	9531
Aug 22, 2022	8586
Aug 23, 2022	10649
Aug 24, 2022	10725
Aug 25, 2022	10256
Aug 26, 2022	9520
Aug 27, 2022	9436
Aug 28, 2022	7591
Aug 29, 2022	3948
Aug 30, 2022	9587
Aug 31, 2022	7081
Sep 01, 2022	6168
Sep 02, 2022	7219
Sep 03, 2022	6809
Sep 04, 2022	5910
Sep 05, 2022	4417
Sep 06, 2022	5379
Sep 07, 2022	6395
Sep 08, 2022	1709
Sep 09, 2022	9938
Sep 10, 2022	5076
Sep 11, 2022	5221
Sep 12, 2022	4369
Sep 13, 2022	5108
Sep 14, 2022	6422
Sep 15, 2022	6298
Sep 16, 2022	5747
Sep 17, 2022	5664
Sep 18, 2022	4858
Sep 19, 2022	4043
Sep 20, 2022	4510
Sep 21, 2022	5443
Sep 22, 2022	5383
Sep 23, 2022	4912
Sep 24, 2022	4777
Sep 25, 2022	4129
Sep 26, 2022	3230
Sep 27, 2022	3615
Sep 28, 2022	4272
Sep 29, 2022	3947
Sep 30, 2022	3805
Oct 01, 2022	3375
Oct 02, 2022	3011
Oct 03, 2022	1968
Oct 04, 2022	2468
Oct 05, 2022	2529
Oct 06, 2022	1997
Oct 07, 2022	2797
Oct 08, 2022	2756
Oct 09, 2022	2424
Oct 10, 2022	1957
Oct 11, 2022	2139
Oct 12, 2022	2786
Oct 13, 2022	2678
Oct 14, 2022	2430
Oct 15, 2022	2401
Oct 16, 2022	2060
Oct 17, 2022	1542
Oct 18, 2022	1946
Oct 19, 2022	2141
Oct 20, 2022	2119
Oct 21, 2022	2112
Oct 22, 2022	1994
Oct 23, 2022	1334
Oct 24, 2022	862
Oct 25, 2022	830
Oct 26, 2022	1112
Oct 27, 2022	2208
Oct 28, 2022	1626
Oct 29, 2022	1552
Oct 30, 2022	1326
Oct 31, 2022	1046
Nov 01, 2022	1190
Nov 02, 2022	1321
Nov 03, 2022	1216
Nov 04, 2022	1082
Nov 05, 2022	1132
Nov 06, 2022	937
Nov 07, 2022	625
Nov 08, 2022	811
Nov 09, 2022	1016
Nov 10, 2022	842
Nov 11, 2022	833
Nov 12, 2022	734
Nov 13, 2022	547
Nov 14, 2022	327
Nov 15, 2022	493
Nov 16, 2022	554
Nov 17, 2022	653
Nov 18, 2022	576
Nov 19, 2022	490
Nov 20, 2022	421
Nov 21, 2022	349
Nov 22, 2022	332
Nov 23, 2022	419
Nov 24, 2022	268
Nov 25, 2022	498
Nov 26, 2022	329
Nov 27, 2022	194
Nov 28, 2022	343
Nov 29, 2022	209
Nov 30, 2022	480
Dec 01, 2022	125
Dec 02, 2022	211
Dec 03, 2022	264
Dec 04, 2022	208
Dec 05, 2022	207
Dec 06, 2022	295
Dec 07, 2022	119
Dec 08, 2022	221
Dec 09, 2022	224
Dec 10, 2022	180
Dec 11, 2022	161
Dec 12, 2022	172
Dec 13, 2022	122
Dec 14, 2022	162
Dec 15, 2022	161
Dec 16, 2022	220
Dec 17, 2022	143
Dec 18, 2022	155
Dec 19, 2022	137
Dec 20, 2022	103
Dec 21, 2022	145
Dec 22, 2022	226
Dec 23, 2022	188
Dec 24, 2022	170
Dec 25, 2022	201
Dec 26, 2022	169
Dec 27, 2022	215
Dec 28, 2022	174
Dec 29, 2022	329
Dec 30, 2022	147
Dec 31, 2022	151
Jan 01, 2023	341
Jan 02, 2023	193
Jan 03, 2023	163
Jan 04, 2023	141
Jan 05, 2023	202
Jan 06, 2023	264
Jan 07, 2023	149
Jan 08, 2023	153
Jan 09, 2023	185
Jan 10, 2023	168
Jan 11, 2023	170
Jan 12, 2023	191
Jan 13, 2023	0
Jan 14, 2023	0
Jan 15, 2023	0
Jan 16, 2023	0
Jan 17, 2023	0
Jan 18, 2023	0
Jan 19, 2023	0
Jan 20, 2023	0
Jan 21, 2023	37
Jan 22, 2023	94
Jan 23, 2023	89
Jan 24, 2023	102
Jan 25, 2023	132
Jan 26, 2023	99
Jan 27, 2023	93
Jan 28, 2023	109
Jan 29, 2023	80
Jan 30, 2023	65
Jan 31, 2023	111
Feb 01, 2023	128
Feb 02, 2023	99
Feb 03, 2023	128
Feb 04, 2023	113
Feb 05, 2023	91
Feb 06, 2023	89
Feb 07, 2023	96
Feb 08, 2023	109
Feb 09, 2023	114
Feb 10, 2023	132
Feb 11, 2023	124
Feb 12, 2023	82
Feb 13, 2023	74
Feb 14, 2023	102
Feb 15, 2023	126
Feb 16, 2023	156
Feb 17, 2023	117
Feb 18, 2023	142
Feb 19, 2023	120
Feb 20, 2023	95
Feb 21, 2023	125
Feb 22, 2023	193
Feb 23, 2023	169
Feb 24, 2023	180
Feb 25, 2023	218
Feb 26, 2023	185
Feb 27, 2023	169
Feb 28, 2023	240
Mar 01, 2023	268
Mar 02, 2023	283
Mar 03, 2023	334
Mar 04, 2023	324
Mar 05, 2023	281
Mar 06, 2023	266
Mar 07, 2023	326
Mar 08, 2023	379
Mar 09, 2023	440
Mar 10, 2023	456
Mar 11, 2023	524
Mar 12, 2023	444
Mar 13, 2023	402
Mar 14, 2023	618
Mar 15, 2023	754
Mar 16, 2023	796
Mar 17, 2023	843
Mar 18, 2023	1071
Mar 19, 2023	918
Mar 20, 2023	646
Mar 21, 2023	1134
Mar 22, 2023	1300
Mar 23, 2023	1249
Mar 24, 2023	1590
Mar 25, 2023	1890
Mar 26, 2023	1805
Mar 27, 2023	1573
Mar 28, 2023	2151
Mar 29, 2023	3016
Mar 30, 2023	3094
Mar 31, 2023	2995
Apr 01, 2023	3824
Apr 02, 2023	3641
Apr 03, 2023	3038
Apr 04, 2023	4435
Apr 05, 2023	5335
Apr 06, 2023	6050
Apr 07, 2023	6155
Apr 08, 2023	5357
Apr 09, 2023	5880
Apr 10, 2023	5676
Apr 11, 2023	7830
Apr 12, 2023	10158
Apr 13, 2023	11109
Apr 14, 2023	10753
Apr 15, 2023	10093
Apr 16, 2023	9111
Apr 17, 2023	7633
Apr 18, 2023	10542
Apr 19, 2023	12591
Apr 20, 2023	11692
Apr 21, 2023	12193
Apr 22, 2023	10112
Apr 23, 2023	6904
Apr 24, 2023	6934
Apr 25, 2023	9629
Apr 26, 2023	9355
Apr 27, 2023	7533
Apr 28, 2023	7171
Apr 29, 2023	5874
Apr 30, 2023	4282
May 01, 2023	3325
May 02, 2023	3720
May 03, 2023	3962
May 04, 2023	3611
May 05, 2023	2961
May 06, 2023	2380
May 07, 2023	1839
May 08, 2023	1331
May 09, 2023	2109
May 10, 2023	1690
May 11, 2023	1580
May 12, 2023	1223
May 13, 2023	1272
May 14, 2023	801
May 15, 2023	656
May 16, 2023	1021
May 17, 2023	906
May 18, 2023	865
May 19, 2023	782
May 20, 2023	756
May 21, 2023	473
May 22, 2023	405
May 23, 2023	552
May 24, 2023	535
May 25, 2023	490
May 26, 2023	425
May 27, 2023	403
May 28, 2023	310
May 29, 2023	224
May 30, 2023	310
May 31, 2023	288
Jun 01, 2023	267
Jun 02, 2023	237
Jun 03, 2023	202
Jun 04, 2023	174
Jun 05, 2023	124
Jun 06, 2023	214
Jun 07, 2023	199
Jun 08, 2023	169
Jun 09, 2023	186
Jun 10, 2023	140
Jun 11, 2023	0
Jun 12, 2023	0
Jun 13, 2023	292
Jun 14, 2023	106
Jun 15, 2023	96
Jun 16, 2023	108
Jun 17, 2023	90
Jun 18, 2023	63
Jun 19, 2023	36
Jun 20, 2023	92
Jun 21, 2023	95
Jun 22, 2023	51
Jun 23, 2023	55
Jun 24, 2023	80
Jun 25, 2023	47
Jun 26, 2023	0
Jun 27, 2023	33
Jun 28, 2023	112
Jun 29, 2023	0
Jun 30, 2023	84
Jul 01, 2023	53
Jul 02, 2023	0
Jul 03, 2023	70
Jul 04, 2023	56
Jul 05, 2023	0
Jul 06, 2023	87
Jul 07, 2023	0
Jul 08, 2023	81
Jul 09, 2023	24
Jul 10, 2023	20
Jul 11, 2023	46
Jul 12, 2023	0
Jul 13, 2023	100
Jul 14, 2023	54
Jul 15, 2023	59
Jul 16, 2023	43
Jul 17, 2023	0
Jul 18, 2023	0
Jul 19, 2023	134
Jul 20, 2023	0
Jul 21, 2023	0
Jul 22, 2023	0
Jul 23, 2023	256
Jul 24, 2023	0
Jul 25, 2023	81
Jul 26, 2023	42
Jul 27, 2023	52
Jul 28, 2023	50
Jul 29, 2023	52
Jul 30, 2023	41
Jul 31, 2023	36
Aug 01, 2023	0
Aug 02, 2023	137
Aug 03, 2023	0
Aug 04, 2023	131
Aug 05, 2023	47
Aug 06, 2023	54
Aug 07, 2023	0
Aug 08, 2023	78
Aug 09, 2023	39
Aug 10, 2023	47
Aug 11, 2023	38
Aug 12, 2023	38
Aug 13, 2023	39
Aug 14, 2023	22
Aug 15, 2023	58
Aug 16, 2023	33
Aug 17, 2023	50
Aug 18, 2023	72
Aug 19, 2023	51
Aug 20, 2023	54
Aug 21, 2023	23
Aug 22, 2023	56
Aug 23, 2023	54
Aug 24, 2023	73
Aug 25, 2023	60
Aug 26, 2023	44
Aug 27, 2023	70
Aug 28, 2023	23
Aug 29, 2023	61
Aug 30, 2023	50
Aug 31, 2023	0
Sep 01, 2023	6
Sep 02, 2023	153
Sep 03, 2023	0
Sep 04, 2023	0
Sep 05, 2023	140
Sep 06, 2023	71
Sep 07, 2023	46
Sep 08, 2023	59
Sep 09, 2023	68
Sep 10, 2023	70
Sep 11, 2023	40
Sep 12, 2023	97
Sep 13, 2023	58
Sep 14, 2023	60
Sep 15, 2023	72
Sep 16, 2023	55
Sep 17, 2023	55
Sep 18, 2023	26
Sep 19, 2023	51
Sep 20, 2023	44
Sep 21, 2023	55
Sep 22, 2023	70
Sep 23, 2023	62
Sep 24, 2023	40
Sep 25, 2023	38
Sep 26, 2023	47
Sep 27, 2023	51
Sep 28, 2023	40
Sep 29, 2023	41
Sep 30, 2023	56
Oct 01, 2023	36
Oct 02, 2023	42
Oct 03, 2023	38
Oct 04, 2023	250
Oct 05, 2023	39
Oct 06, 2023	42
Oct 07, 2023	43
Oct 08, 2023	38
Oct 09, 2023	26
Oct 10, 2023	46
Oct 11, 2023	0
Oct 12, 2023	72
Oct 13, 2023	51
Oct 14, 2023	0
Oct 15, 2023	0
Oct 16, 2023	0
Oct 17, 2023	119
Oct 18, 2023	48
Oct 19, 2023	37
Oct 20, 2023	0
Oct 21, 2023	0
Oct 22, 2023	0
Oct 23, 2023	1287
Oct 24, 2023	0
Oct 25, 2023	98
Oct 26, 2023	0
Oct 27, 2023	61
Oct 28, 2023	0
Oct 29, 2023	57
Oct 30, 2023	0
Oct 31, 2023	0
Nov 01, 2023	0
Nov 02, 2023	0
Nov 03, 2023	0
Nov 04, 2023	0
Nov 05, 2023	0
Nov 06, 2023	0
Nov 07, 2023	0
Nov 08, 2023	140
Nov 09, 2023	0
Nov 10, 2023	0
Nov 11, 2023	0
Nov 12, 2023	56
Nov 13, 2023	0
Nov 14, 2023	28
Nov 15, 2023	18
Nov 16, 2023	26
Nov 17, 2023	0
Nov 18, 2023	0
Nov 19, 2023	57
Nov 20, 2023	13
Nov 21, 2023	0
Nov 22, 2023	49
Nov 23, 2023	36
Nov 24, 2023	42
Nov 25, 2023	0
Nov 26, 2023	52
Nov 27, 2023	22
Nov 28, 2023	0
Nov 29, 2023	137
Nov 30, 2023	71
Dec 01, 2023	0
Dec 02, 2023	0
Dec 03, 2023	0
Dec 04, 2023	306
Dec 05, 2023	0
Dec 06, 2023	240
Dec 07, 2023	0
Dec 08, 2023	0
Dec 09, 2023	0
Dec 10, 2023	0
Dec 11, 2023	780
Dec 12, 2023	0
Dec 13, 2023	489
Dec 14, 2023	0
Dec 15, 2023	0
Dec 16, 2023	0
Dec 17, 2023	0
Dec 18, 2023	0
Dec 19, 2023	0
Dec 20, 2023	0
Dec 21, 2023	0
Dec 22, 2023	3382
Dec 23, 2023	752
Dec 24, 2023	656
Dec 25, 2023	0
Dec 26, 2023	1040
Dec 27, 2023	529
Dec 28, 2023	702
Dec 29, 2023	797
Dec 30, 2023	743
Dec 31, 2023	841
Jan 01, 2024	636
Jan 02, 2024	573
Jan 03, 2024	602
Jan 04, 2024	760
Jan 05, 2024	761
Jan 06, 2024	774
Jan 07, 2024	756
Jan 08, 2024	605
Jan 09, 2024	475
Jan 10, 2024	605
Jan 11, 2024	514
Jan 12, 2024	609
Jan 13, 2024	441
Jan 14, 2024	375
Jan 15, 2024	272
Jan 16, 2024	189
Jan 17, 2024	269
Jan 18, 2024	305
Jan 19, 2024	355
Jan 20, 2024	313
Jan 21, 2024	290
Jan 22, 2024	203
Jan 23, 2024	236
Jan 24, 2024	160
Jan 25, 2024	198
Jan 26, 2024	187
Jan 27, 2024	159
Jan 28, 2024	182
Jan 29, 2024	112
Jan 30, 2024	124
Jan 31, 2024	133
Feb 01, 2024	160
Feb 02, 2024	187
Feb 03, 2024	0
Feb 04, 2024	347
Feb 05, 2024	122
Feb 06, 2024	124
Feb 07, 2024	157
Feb 08, 2024	211
Feb 09, 2024	0
Feb 10, 2024	22
Feb 11, 2024	376
Feb 12, 2024	74
Feb 13, 2024	123
Feb 14, 2024	120
Feb 15, 2024	120
Feb 16, 2024	166
Feb 17, 2024	144
Feb 18, 2024	155
Feb 19, 2024	110
Feb 20, 2024	105
Feb 21, 2024	161
Feb 22, 2024	136
Feb 23, 2024	0
Feb 24, 2024	322
Feb 25, 2024	148
Feb 26, 2024	0
